0 2076 13.0717658164
1 5 8.94286909102
2 4 3.3332614923
3 9 9.0276803308
4 2127 4.61534295414
5 6 2.08491114235
6 2127 13.2971488511
7 2597 44.1023692317
8 11 6.71101640158
9 18 7.65220740579
10 8 15.7682106918
11 12 2.61628420418
12 14 1.90641108367
13 10 36.264236193
14 15 1.8585036493
15 17 1.86334982089
16 2657 10.2377487423
17 509 6.4401463403
18 158 4.93178919113
19 1166 13.0900357212
19 3085 6.08666288541
20 413 29.5318559458
21 20 28.3559492308
22 21 20.7206798138
23 22 10.3859870418
24 21 55.0293053172
25 2010 33.5534693902
26 23 49.5823329057
27 24 12.8771415386
28 186 35.24101004
29 38 42.4030604603
30 20 64.8252113979
31 2616 29.8405067651
32 1587 38.8501285146
32 2959 7.68454868852
33 32 119.93449274
33 917 100.323875504
34 40 41.781514478
35 1593 27.4330818702
36 3575 38.3691912453
37 39 10.98972314
38 1585 5.78741973535
39 58 10.4582405149
40 41 12.5000913335
41 42 12.0885760907
42 43 26.4119097632
43 1069 77.3341342484
44 54 37.614452279
45 56 44.5223290717
46 45 3.71458026126
47 230 45.752092018
48 47 7.98610759814
49 59 46.2068404782
50 49 7.91578402025
51 54 30.2177098755
52 55 26.1953960781
53 1769 7.25100673633
54 363 48.9565125438
55 53 15.0408051079
56 57 6.2062435849
57 230 61.3713384173
58 65 6.21858277501
59 2091 9.51453628919
60 1067 57.3695324144
61 51 36.6007619515
62 57 38.9748156123
63 324 50.0816443773
64 1923 4.73970044934
65 67 10.7041297785
66 523 36.4668458149
67 69 11.6447505521
68 2123 12.3286500712
69 71 11.5802921361
70 3276 1.25985442334
71 72 19.9293262602
72 74 18.9006794387
73 268 1.39569623447
74 76 19.8320237076
75 636 45.3826877542
76 281 19.7408666534
77 79 4.50058436569
78 1105 23.1282427858
80 100 54.7345095087
81 909 6.12800896017
82 308 25.0275832966
83 515 4.25969024564
84 83 27.5889552362
85 3556 31.0934939614
86 1843 54.0030045956
87 89 2.4024481211
88 258 40.984345245
90 86 8.33153023097
90 1716 32.2305450618
91 335 1.13163977428
92 324 22.9587827575
93 644 42.4456817931
93 2581 6.00837217572
94 92 20.5552831567
95 94 7.08047458483
96 1812 4.59674249324
97 3302 38.5530237647
98 3497 45.488778678
99 36 40.9404228779
99 260 60.4184059048
100 360 20.8955592593
101 100 22.7714350436
102 3002 30.4410180886
103 2086 5.40967758144
104 107 22.5605580927
105 103 2.67255481816
106 105 2.52864084508
107 106 3.32242158882
108 110 22.7246544212
109 398 111.208957632
110 113 18.3604651574
111 112 1.70408779933
112 405 2.08491114235
113 115 15.7097651442
114 296 35.9287000058
115 118 12.0107389816
116 926 10.152830749
117 715 8.63085965899
118 120 11.0617018519
119 117 31.3571827632
120 123 15.7172261711
121 2437 3.25108135237
122 443 45.2484537448
123 127 11.3116151557
124 2778 16.9517359103
125 122 7.91122554938
126 125 13.7728864193
127 2789 11.1372646881
128 1170 3.19653148257
129 1109 6.14123965342
130 3538 5.5649872881
131 720 75.0423812671
132 104 7.73834469453
133 858 43.8046534208
133 3035 3.58233735125
134 395 3.59364803934
134 2763 22.4734463398
135 2285 2.44707945542
136 283 61.9764973992
136 299 50.9356538543
137 2121 1.07440746224
138 1094 65.5417448049
138 1865 46.9311145896
139 2237 6.03906361807
140 751 3.23439476818
141 2017 101.189848606
142 3585 62.0681027293
143 144 35.9549207133
144 145 146.11503274
145 1866 142.090545557
146 396 75.4897885508
147 2363 78.2962344024
148 152 8.3093106097
149 124 11.0527301476
149 2453 216.284303311
150 151 105.046211341
151 1045 57.3275452093
151 1180 45.6970641662
152 153 22.0366100859
152 629 17.9817865564
153 154 6.49522410207
154 156 15.1468590718
155 201 12.4903477673
155 988 5.08927887067
156 157 9.47940089869
157 169 61.9096710213
158 176 7.95555922449
158 2621 2.77194001963
159 1770 48.5818657948
160 162 3.27319780705
161 97 100.431958037
161 2256 28.5047204529
162 163 3.50985666269
163 154 11.6555879212
164 165 3.37894314325
165 166 3.49827506925
166 671 4.05691086269
167 307 103.304963664
168 157 58.2294834681
169 170 23.3154310126
171 22 53.1442383844
172 3233 37.437213092
174 167 64.1554445386
175 424 44.213470331
176 197 14.9689821898
177 816 78.0724024644
177 1381 12.3476543453
178 222 13.8222347769
178 3278 27.0031722217
179 207 18.6238159541
180 964 102.645676649
180 2625 12.8413745541
181 444 62.929123681
181 1548 52.9072384037
182 183 22.8179221438
183 507 5.34173413257
183 1536 23.4819333791
184 532 6.27488682057
185 37 21.2980277956
186 38 28.3432247135
187 199 4.24059315709
188 189 26.5433825876
189 190 15.3370842022
189 809 29.4137439601
190 2967 11.2684805294
191 1795 281.031144064
191 2805 69.1456800794
192 203 4.58593932321
193 194 10.9420237498
194 195 9.65940261311
196 210 6.128744748
197 217 11.5362077875
198 1708 14.6249337694
199 218 7.07027767645
200 1680 1.86576818638
201 241 13.312738734
202 2540 47.5347522541
203 212 3.17530124004
204 215 4.0065819704
205 3033 38.084438961
206 1849 69.724046636
207 1850 5.05014367434
208 3447 19.6593813842
209 257 18.8081252109
209 441 1.02280543196
210 3019 4.28712474929
211 1432 5.30361168269
212 220 5.58924275953
213 2345 10.0196056747
214 3550 2.90692499828
215 3030 7.33816658974
216 813 1.21243323712
217 3124 17.929551772
218 3036 3.29790153719
219 979 2.08058110415
220 233 3.24969407628
221 179 5.107851329
222 221 16.1970488434
223 916 36.5937389225
223 1815 1.40856006617
224 322 42.9141393561
224 1096 56.5819887142
225 2318 2.09784763344
226 228 8.87352189673
227 2945 5.79831737463
228 206 11.8573349684
229 231 33.6776828031
230 59 13.5975963807
231 474 7.45339928357
232 3387 13.4760128444
233 3276 8.86793035486
234 2501 13.973752293
235 3577 53.4929230281
236 198 33.1459490755
237 326 35.4788394567
238 450 48.0123486765
239 3239 5.45863493754
240 1096 4.42785918622
241 91 23.9489104681
242 717 302.960192622
242 3610 42.2484778559
243 336 44.8367038191
243 2293 44.3112693811
244 2980 237.244526936
245 250 56.2207028736
245 445 128.403702402
246 1822 57.6858073836
247 3448 3.65214589433
248 244 9.07401347754
248 1433 48.9888310578
249 2060 72.6847889497
250 1395 83.229799906
251 94 55.2526344432
252 2489 3.28007861726
253 1186 6.75187838523
254 95 55.3231823307
255 256 123.907149807
255 2610 56.1172233126
256 3265 31.5468574459
257 748 61.2733195735
257 2208 1.19369280098
258 1231 9.15514791335
259 3007 2.18213187137
260 1534 101.512628462
260 2304 40.5277403891
261 60 38.1477301955
263 748 1.46812482276
264 1016 42.3403792651
265 273 8.53682904681
266 1822 4.2554538545
267 418 41.3003210237
267 1205 317.052404428
269 1080 137.618487583
270 1452 1.29515129261
271 98 56.1503992794
272 265 14.1424685225
272 2165 12.6784633037
273 274 25.2142624471
274 275 21.9136984621
276 1581 4.16549449704
277 552 23.8237514493
278 279 37.738920564
279 3174 11.2412367764
280 33 34.2509509624
281 108 22.7702468964
282 285 20.3803601453
283 505 23.3970958439
284 286 60.1715392176
285 1606 40.1844908835
286 288 60.5636157885
288 2862 8.46202457843
289 2427 46.4328844975
290 291 47.9649910541
291 292 15.7476076202
292 293 6.83748722076
293 280 7.54778411278
294 2039 13.1196270917
295 2077 18.8308873696
296 410 5.17712241025
297 786 8.51302669514
298 1286 1.89454780055
299 75 109.043673823
299 650 42.675376151
300 3020 19.8081355876
301 338 8.81079629251
302 635 155.082748234
302 1987 47.1746244869
303 140 6.96684066189
303 3486 43.1443706196
304 1402 73.0193319334
305 316 2.28706247361
305 3152 10.1047507752
306 325 8.05021793371
307 2987 22.647932083
308 3371 32.4765370462
309 315 8.87047240174
310 610 17.895063845
311 1838 12.9246768843
312 621 8.14377645727
313 314 9.91828528202
314 309 18.0478668411
316 318 8.91003442818
317 85 5.57065634451
318 1431 2.92393827202
319 317 3.24552869015
320 1433 7.4157954343
321 1997 9.42884373341
322 1742 4.96005182475
323 3480 43.8431355152
324 3231 60.51222093
325 2101 13.7794327794
326 238 30.0520657232
326 255 118.206223121
327 328 32.4488952482
328 329 37.3520809954
329 2468 5.2549262388
330 1872 7.73834469453
331 1182 43.0998247145
332 393 4.65425884489
333 2020 6.9018136588
334 450 132.41646316
335 132 6.49938815257
335 319 13.3330459692
336 242 45.9622255912
336 749 302.352638805
337 1856 17.5652066248
337 2391 30.6329799991
338 339 15.5313672308
339 3086 49.616697596
340 342 5.26007224256
341 342 30.0330038658
342 1247 60.8778143661
344 366 6.17053962727
345 347 66.8264221842
346 703 24.2153557378
346 1075 39.0264969415
347 350 17.4508546316
349 642 3.19794182082
350 1695 18.7889356891
351 1289 22.7785626253
352 338 44.3138133478
353 355 15.1774909612
354 1901 5.47430766549
355 357 14.117257689
356 3086 14.3435030949
357 364 16.5963569759
358 1910 4.17846441269
359 1916 4.85252148705
360 98 17.4604125688
361 2891 81.430233945
362 950 1.77917058366
362 1927 13.4636266467
363 56 8.10214275458
364 365 23.5674221832
365 367 21.014126648
366 104 49.1457927481
367 1945 14.3588990238
368 369 146.198702501
369 2876 46.3325566382
370 1947 5.61017934223
371 1951 10.4599650166
372 373 54.6860469355
373 374 56.3518456107
374 2963 51.3352908597
375 2139 7.68924154312
376 1415 24.3310891287
377 2221 27.2558109924
378 759 50.1618029127
379 2932 14.8252049537
380 2358 77.2511176557
381 1072 73.2933728943
382 2307 68.9701652481
383 3517 34.1796533556
384 2051 9.65426624707
385 386 12.4415154769
386 387 20.9612738089
387 388 15.0354077972
388 1824 23.0837480912
389 391 3.53800762275
390 226 10.9280034385
391 332 99.2896342218
392 2542 4.56425627349
393 394 3.08892145394
395 2278 2.43969760012
396 109 108.57032272
397 3436 11.3386898101
398 111 162.17976232
399 2160 25.6301991612
400 2858 51.6459122003
401 2424 20.7680662717
402 1724 57.5706290782
402 2266 45.5932381637
403 799 4.18924200194
404 1957 95.5394691187
405 114 1.96923823274
406 773 4.76153156724
407 547 33.8163775016
407 2342 2.75562475125
408 2888 18.8686836221
409 1424 2.00778771585
410 412 9.84527519635
410 2987 9.47083474321
411 1398 2.00778771585
411 2736 12.5576758435
412 3496 30.4030735203
413 1347 32.23530145
414 2868 4.15031170167
415 1223 81.4315075561
416 2585 63.1092930051
417 267 70.0539979221
418 2159 59.8053981695
419 427 20.9569709711
419 2844 58.5912350788
420 413 33.2320867065
420 928 85.5332475884
421 470 37.9888889616
421 1346 140.763651633
422 1013 71.5864286063
422 2656 86.7368826529
423 864 88.7129586876
423 2282 48.3013076024
424 432 47.3364590085
425 429 26.9724290695
426 425 86.5693228578
427 428 12.8083243882
427 935 17.7764927463
428 426 14.3821187791
429 418 9.94099096917
429 424 64.3183698592
430 2006 40.8737337591
431 1666 60.6659775729
432 417 9.70132527889
432 423 45.2305124849
433 1645 49.174135694
434 2869 0.493453135936
435 2211 6.34705128454
436 243 42.5852565821
436 897 302.258533865
437 121 16.0319541159
438 2089 1.48035940781
439 598 17.4926642727
440 2130 1.53714443416
441 1130 3.29790153719
442 35 11.1913862568
443 437 3.73032777794
444 543 30.8066258402
445 383 12.0189955915
446 447 7.99175189003
447 402 27.8202364329
448 459 8.60941259739
448 506 57.0511879974
449 1513 14.2146609513
450 2980 38.8452534301
451 1224 23.3523410395
451 2982 35.1101272084
452 701 8.828179648
453 1142 42.9288472767
454 415 9.99076184178
454 464 60.367260899
456 896 10.3733887469
457 276 14.5925240751
458 1188 11.8740557875
459 2510 23.9801451637
460 860 20.2912221121
461 806 5.8908988117
462 1226 8.00978689608
463 1348 241.896635015
463 1853 13.1594356254
464 421 16.2243086608
464 1232 9.86723494526
465 1732 200.703768735
466 2567 15.4229872047
467 479 9.23263969937
468 716 7.58057091374
469 772 6.92659583426
470 420 110.092856864
470 1792 9.25800146212
471 2286 4.02118613087
472 873 9.7500072331
473 474 47.8652368043
474 1712 27.5293981817
475 1751 93.2906327475
476 1215 12.2541782022
477 3453 44.5373158685
478 3260 10.3477103868
479 1788 8.83532755936
480 3476 15.2763990374
481 31 61.9319544925
481 2806 23.2290148341
482 2860 6.82560626093
483 3475 33.2579929579
484 1393 35.3816055926
485 2821 56.1769741068
486 1075 57.2939490314
487 1961 57.8753660454
488 439 15.5281732983
489 2004 19.8072249944
490 1544 44.8756071676
491 1240 9.83060811157
492 2329 6.03383466721
493 2324 2.7490715321
493 2997 55.0828690053
494 1696 37.9325846342
495 626 10.98233509
496 1565 18.9623690805
497 955 6.2091491298
498 499 47.5537206316
498 1503 27.8777164888
499 500 37.9967221872
501 977 1.53714443416
502 1518 28.16815995
503 482 224.669324595
503 985 87.5942765325
504 897 43.4344664681
504 1650 97.8975040088
505 302 51.7829810369
505 3161 122.287212679
506 542 88.9106662497
506 2298 89.0097099674
507 508 11.716553772
508 2993 7.22733703517
509 2704 4.17954342224
510 43 14.0278594002
511 2780 10.8841771349
512 159 1.7146395274
513 637 2.27916240692
514 3085 14.0631738979
515 1394 3.96699585657
516 1711 1.7407390418
517 1743 30.0879052897
518 3010 41.410446395
519 3398 40.6492784453
520 1531 3.1866416377
521 1237 3.11508690304
522 556 44.3416856567
523 584 15.7034491988
524 2705 54.2147598373
525 2782 5.19451286033
528 3482 36.8910997329
529 128 5.28828575399
529 2605 7.23107950735
530 640 7.2373126604
531 1150 3.49956380574
532 1674 1.54300024369
533 1954 5.81384999655
534 1387 1.7407390418
535 2037 1.73034647703
536 570 74.3681638222
536 3290 41.0431648787
537 1989 11.7026907574
538 1351 17.6077691159
539 2644 25.6581571808
540 181 32.6105231876
541 596 26.7666846649
541 598 68.6696836186
542 544 8.33098899407
542 605 56.2539781283
543 25 1.7407390418
544 459 146.344516482
545 549 117.473210919
546 1524 11.7080838802
547 1594 35.2380670032
548 2789 44.9282288176
550 3435 1.73814672608
551 1984 11.678776991
552 777 80.0116898061
553 223 3.47888673372
553 1087 1.58907006654
554 1896 6.41840442837
555 2822 41.5044207591
556 2823 18.7194496532
557 558 6.87628644984
558 2022 7.09701331361
559 2434 22.7476603085
560 3561 24.8587362477
561 562 7.04216004718
562 3498 3.45808602867
563 2830 1.74591212614
564 1505 98.0903526396
565 3594 6.72041652921
566 567 11.881648381
567 568 9.66313643722
568 569 24.9626383295
569 639 2.31450036553
569 3438 2.60765242808
570 541 51.3251006496
570 554 181.246485491
571 2716 1.80683425879
572 1161 66.9297157113
572 3580 20.2803302404
573 572 13.7453576605
573 2565 6.59717022188
574 573 16.7833184174
575 574 7.89525017498
576 575 2.63859467342
577 576 3.57351539891
578 3091 7.879814676
579 2719 10.3924974086
580 520 3.50985666269
581 3284 5.32821073333
582 466 64.1590289891
582 2224 10.0232053176
582 2407 12.209941809
582 2490 25.0711461899
583 3157 33.6881247901
584 639 4.60752033334
585 865 5.77494010954
586 1604 2.13196121388
587 2856 10.8982538277
588 1085 6.97848117236
589 596 167.836354463
589 1898 59.7904675755
590 593 77.4688246459
591 3172 15.3673369184
592 3072 40.0610925589
593 3373 12.4179351462
594 147 101.560013482
595 3373 12.8624260019
596 545 81.671973866
597 599 19.7260138437
598 778 17.2878220387
599 3060 26.1445664806
600 601 14.171771448
601 3063 18.1231632265
602 1057 9.08692457422
603 979 85.3325764245
603 3192 5.81850169752
604 1523 13.8551445184
605 653 23.5865475513
606 3265 36.4987339947
607 2635 30.734086978
607 2650 15.1760054041
608 3521 9.94144455396
609 1718 77.6194329471
610 969 111.019685546
610 1867 9.24923026028
611 3568 20.7089251279
613 1219 5.6971145865
614 984 2.49994611923
615 595 100.999123311
615 3479 56.3038140943
616 191 59.6918924254
616 2925 5.59246887394
617 1178 25.8918823688
618 614 13.8518896156
619 1440 12.9166501093
619 1952 19.4142671039
621 311 25.5247747026
621 622 11.1502131182
622 623 2.80589330662
623 624 9.79936766657
624 625 6.81568964046
625 495 4.13507315984
626 627 55.6973349154
627 1595 50.0166858016
628 487 29.7205870524
629 160 23.4907649993
631 3057 9.45558686092
632 754 17.2826046485
633 1354 140.540776684
634 1232 105.367362905
634 3468 6.46390821979
635 652 42.5172233859
635 1715 40.3077351741
636 513 196.723087653
636 1843 40.3457526979
637 2379 57.6582856766
638 1589 46.5935210335
639 3377 6.43804549329
639 3403 3.74239616204
640 2175 5.33666687376
641 283 62.2897223944
642 352 3.90051158826
643 685 44.7000232763
643 2640 14.9915578099
644 366 14.6932217692
644 1500 5.70265229553
645 1881 8.96150586002
646 1283 4.74920457048
647 655 32.4124665803
648 646 53.8903306932
649 651 14.6048791057
650 302 43.3408274697
651 656 11.6455249844
652 636 42.6508554162
652 650 154.748508407
653 654 8.33207143272
653 826 54.7443945586
654 544 79.8317098931
654 3427 99.2324863847
655 2261 33.6804944258
656 2825 13.2991833505
657 2346 2.75235009204
658 665 35.9028369329
660 676 36.8956219517
660 2218 11.0122670263
661 658 28.8065326321
662 3141 2.04781399957
663 666 10.9189218793
663 2548 2.30669427123
664 2074 51.2237912902
664 3204 5.98656858844
665 1873 50.0305675322
667 647 46.6772547495
667 1719 20.6198953654
668 669 17.2209200698
668 2191 97.7223643926
669 670 16.6560231247
669 2189 97.893680932
670 675 17.4993651594
670 2671 97.9997044544
671 168 5.44374546763
671 173 8.32882369475
672 673 16.7583134195
672 2166 98.4037332279
673 696 18.5719301488
673 2163 98.5718528224
674 26 46.2211835354
675 672 15.6818984491
675 2895 98.2335816281
676 1075 122.326992958
677 592 111.973437943
677 2447 78.2930668146
678 679 17.658402265
678 2765 99.0310709349
679 681 16.8034566346
679 2150 99.2420738912
680 1878 34.1446750664
681 682 17.396507397
681 2147 99.4659582509
682 2143 99.7309449067
682 3418 18.9692639257
683 684 16.7303065769
684 1047 16.8243748101
685 2371 105.963095531
686 687 18.4454887515
687 735 16.5375662324
688 689 16.5293843135
689 744 16.6771262276
690 691 16.767459356
691 753 17.3159687811
692 2612 19.4722458835
693 3093 27.0976885727
694 760 16.8039933234
695 476 8.93580720446
696 678 16.2095717987
696 2672 98.8091675101
697 1717 18.8459671138
697 2677 9.06506425381
698 1303 5.91686685662
699 2120 7.96462280957
700 1423 27.2069625945
701 375 10.5180011474
702 1305 5.00620125325
703 348 29.843982082
704 667 36.9881446394
705 2791 44.4359554246
706 740 13.6634286699
707 1762 53.4868534448
708 1781 4.27342951298
709 704 20.3245282933
710 445 85.3069968293
710 766 12.6250020278
711 475 56.2270387167
712 3394 6.47157720705
713 553 45.5510871497
715 284 64.5362447622
715 654 62.331839436
716 243 302.362958883
716 749 44.8377094985
717 527 42.6628004656
717 964 39.4746516889
718 517 98.9114289159
719 722 4.64844223085
720 724 6.67531029375
720 726 38.2255467598
721 726 42.1180658317
722 1314 4.35081132693
724 727 53.7744020679
725 2566 16.4292368132
726 723 54.3446031999
726 731 156.929648644
727 728 30.1289408738
728 725 7.67397927293
729 733 56.8942406897
730 131 58.6682983823
732 1467 12.105722487
733 2941 10.4055059221
734 82 71.4050413325
735 688 18.0733331536
736 2816 7.09002086742
737 677 109.493978178
737 1958 261.258880765
738 2431 8.9620090186
739 2556 14.2149781685
740 2911 118.744735065
741 1387 15.540074619
742 2606 13.26387452
743 514 1.93691559792
743 528 1.73555053833
743 637 56.158750429
744 690 16.8984518912
745 2156 11.5682149218
746 2155 25.0776201543
747 1101 163.342788302
747 1579 10.2280543196
748 2517 92.9979413307
749 717 45.5952161269
751 1704 7.39631219424
752 2019 16.9144547217
753 694 16.2881066022
754 1153 3.32242158882
754 1547 16.9331055762
755 1274 7.45460915279
755 1323 14.7773751994
756 2580 16.7470086019
757 1466 21.7857474216
757 2219 7.09383578342
758 3275 88.1648544414
759 603 56.7632389346
760 1322 16.2797993101
761 1924 46.4304566367
762 1122 143.227836392
763 2377 96.1284198361
764 226 11.4147892535
765 547 59.7995168654
766 732 57.9087806445
767 263 33.5220078377
768 236 21.7898866019
769 796 5.72317401717
770 2134 14.9626549122
771 354 2.0145139917
772 1392 10.4905277483
773 2158 10.4254207842
774 469 6.37328327541
775 3420 6.78718169444
776 403 39.9964322468
777 801 14.3563865305
778 2883 149.150633787
779 788 17.2256326071
781 2647 7.65043940375
782 3423 2.09138939041
783 837 6.08369884195
783 863 31.4201043446
784 1429 11.1578941389
785 787 49.093742258
786 1435 17.3778349329
787 789 69.9210176458
788 461 23.5831061297
789 78 8.12381890839
790 2104 159.507279159
791 1476 37.5975455321
792 1484 17.3695296167
793 792 17.2922555826
794 812 54.2555822383
794 832 16.9676884869
795 790 21.9821131283
796 3114 13.8883009542
797 471 4.15465530485
798 794 3.12376001561
799 2794 29.9023974926
800 792 16.2498578944
800 1119 3.74119107549
801 936 0.910873243155
802 1889 24.585142107
803 2766 28.5887541016
804 2863 120.356866393
805 1720 8.38870331091
806 818 13.2591142275
807 1502 9.69062896052
809 3431 22.9454234331
810 815 6.40996840576
811 1425 157.029150982
812 820 39.1965503543
812 1664 4.35391941972
813 1434 65.7457593445
814 1690 47.6560194079
814 3178 41.220104717
815 776 23.4677190161
816 3458 15.6470673343
817 517 77.6856313171
817 1734 57.6136913945
818 2383 13.5873123852
820 858 17.843333324
821 1233 21.9527599777
822 794 18.7831750096
822 814 17.6987025811
823 2244 3.06841629587
824 829 33.6784861478
825 1678 52.919850664
825 3014 16.2373660095
826 1418 9.34815532302
827 2802 2.49633608685
828 2503 63.1920497749
828 2989 127.864115838
829 836 39.9221806122
830 850 74.0798393963
830 1306 23.4373405769
831 2556 8.93328374921
831 3490 16.2773062957
833 845 6.05397859169
834 358 4.2723742149
835 133 5.44208856744
836 852 13.442845812
837 877 37.2669964179
838 839 12.4762602934
838 2558 71.107302688
839 554 6.80575857058
840 838 205.981141408
841 1411 29.3842952384
842 1707 13.0001638033
842 2423 18.1025003964
843 1809 75.9539159843
844 164 5.45450305068
844 2614 104.547432148
845 133 46.3276902739
845 798 15.1224281575
846 847 8.13712937975
847 849 15.8952402172
848 872 19.1514260303
849 851 15.2258407398
850 1421 5.2703491763
851 853 10.1891843923
852 2380 23.1288276718
853 855 8.96603327072
854 2685 10.4651368167
855 857 7.56628141769
856 3138 15.2270253074
857 859 11.7588117181
858 783 13.0005106547
859 1760 11.3993726696
860 871 7.7033029536
861 1677 17.2862569869
862 822 17.5479985458
862 845 22.1299249726
863 841 36.3945616191
863 1512 22.782917272
865 3075 9.15613292039
866 867 7.33324907095
867 868 9.24532927729
868 869 13.5816694688
869 870 14.1997437498
870 472 7.2073443633
871 883 17.3388693811
871 2377 9.64398530812
873 874 10.6978090636
874 876 31.960518258
875 820 9.47273900275
875 877 7.40971242497
876 878 8.83532755936
877 830 18.0922847485
877 848 75.3851844029
878 879 9.38618448545
879 881 15.9264146088
880 2707 3.56214078523
881 882 13.2917219969
882 884 13.6729958588
883 456 14.0724693221
884 889 15.6029133662
885 2199 27.7356626795
887 2199 12.0437314595
888 887 10.3036039739
889 890 8.19015494902
890 891 11.1267329933
891 892 10.0268036682
892 893 14.5699491369
893 894 11.71347452
894 895 15.6608939061
895 899 19.5798600684
896 902 29.3331500074
897 716 43.3348967767
898 880 4.10442635085
899 900 19.8320237076
900 901 9.82877318703
901 903 7.11287967214
902 918 8.75895404204
903 905 16.649524481
904 2441 44.8563104988
905 906 7.93626473759
906 907 7.95499240755
907 908 11.1303797077
908 912 13.3607492746
909 1148 1.30900357212
910 911 93.7018772584
911 269 43.3348967767
912 914 14.7688287761
914 915 13.7282883842
915 919 9.80856636161
916 442 5.48993565096
917 1722 35.7497882732
917 2515 25.0873279685
918 925 96.7781970725
919 921 15.0183035168
920 1192 4.29658049481
922 433 1.41813136586
922 435 2.06317007752
922 1493 300.214497978
923 2445 33.3878979729
924 1500 39.4241297469
925 763 13.5374407594
925 3185 55.5304719109
926 1455 76.0988715442
926 2753 101.724867178
927 761 76.6509558369
928 1436 61.5886565062
928 1953 55.269688368
929 3483 79.3872455305
930 1482 5.3299030347
931 1481 5.86942709658
932 931 5.29254740813
933 1480 3.31562865269
934 1478 6.31785618919
935 938 53.9256292914
936 808 51.4391858222
937 2169 53.9612390537
937 2861 17.8337277662
938 945 29.1790219008
939 1077 1.5776787364
940 1636 97.3935512052
940 2434 27.2574653362
941 942 8.33423588825
941 3170 51.5453208625
943 253 4.26392242776
943 1892 5.40550827248
944 2147 11.2066865941
945 946 24.8082579174
947 101 19.0962514738
948 947 2.3760260501
949 591 27.6363126774
949 856 4.8048962422
950 1520 4.95823329056
951 628 11.0347648558
952 1814 50.0787631206
953 1473 6.35202240239
954 922 12.4422403169
955 1816 4.51059234862
956 3249 57.9912609643
957 2906 11.4108382689
958 3039 54.4579104365
959 2078 8.10715008792
960 961 9.59335544186
961 2773 37.2395200286
962 1801 59.6501036257
963 2453 29.7075363316
964 1348 105.834631342
964 1980 40.9458193906
965 2680 231.504346919
966 2132 13.7876113588
967 816 95.3193242337
968 959 5.74911532757
969 1140 26.2648471779
970 2262 200.832125843
970 2787 65.1771296175
971 1273 14.9364133515
972 1409 86.9957033796
973 1702 44.8502785872
974 1692 4.68515882804
975 247 46.5199123053
976 1003 20.9917985954
977 978 0.833315373076
978 2772 3.2413579512
979 664 24.637358786
980 3175 8.69540202446
982 1641 1.99878413813
982 2753 139.97127741
983 3177 61.1016849783
984 971 7.41457923168
984 2002 3.73877973714
985 502 28.1724818035
986 2471 13.0202659108
987 480 96.3302404282
987 1146 1.88500341843
988 2752 3.79385278515
989 2472 3.69510657397
990 992 12.2508660135
991 3102 1.21614667073
992 993 7.91008552119
993 994 14.4128116918
994 995 14.1284325959
995 1004 13.944033243
995 2922 7.44189571582
996 2474 35.6411498572
996 3409 2.36842274725
997 1104 9.66966716016
998 999 21.390770265
998 2926 11.7096243162
999 2949 6.6692280052
1000 2476 3.46329791713
1001 993 10.899908714
1002 1065 196.087364567
1002 3243 48.8266551701
1003 3116 43.5646640115
1003 3173 54.6417501971
1004 1005 20.6085208015
1005 2637 13.7931700227
1006 2834 50.463385612
1007 1008 13.8192984227
1007 2951 12.4502107713
1008 2648 8.68086988725
1009 1006 243.048012521
1009 2893 66.1882905122
1010 1011 5.253209784
1010 1020 16.8324133403
1011 1012 13.9569623447
1012 2947 43.8849747465
1013 454 4.10332758859
1015 2103 52.0609731787
1016 260 43.5152638486
1017 1688 92.6298759503
1018 1686 5.0007940136
1019 1860 4.40130200576
1020 2703 15.9973214393
1021 2264 35.7931513136
1022 1023 26.8585077419
1023 1024 19.6676368113
1024 1025 13.8824555728
1025 1026 20.9636399932
1026 1027 51.7328866599
1027 1028 8.06085341731
1028 2938 12.9368819861
1029 1044 60.5154995863
1029 2746 14.5408284168
1030 795 15.6205321965
1030 3051 13.3614242474
1031 3477 2.09354435171
1032 1030 35.0038834809
1032 2929 40.1632772018
1033 1034 4.19999193494
1034 1036 4.32795044525
1035 962 99.5279104721
1036 1040 5.520242128
1037 1371 19.4597370937
1038 2146 2.81071029438
1039 968 3.29516582412
1040 1041 10.5961648674
1041 1042 6.85395438787
1042 1043 6.18367932194
1043 844 7.52564716905
1045 1049 55.5233256755
1046 986 8.73988536598
1046 2484 49.1400120829
1047 686 16.8728157926
1048 1320 63.8260149384
1049 1050 140.720527624
1050 2154 39.5421039247
1051 1584 35.4240191341
1052 2152 18.8987707612
1053 2655 50.0340824242
1054 3108 2.26527099598
1055 1382 6.87694217734
1057 564 3.37360093732
1058 1696 69.1284617498
1059 1061 8.99866360519
1059 2652 6.2156816399
1060 2496 5.06796986346
1061 1062 5.17014985165
1062 1063 5.71134356143
1063 1064 12.514512302
1064 2551 10.7817805958
1065 1141 29.7733385363
1066 1493 1.58338464557
1067 3372 1.7146395274
1068 2857 4.62705208827
1069 3385 1.7146395274
1070 2237 38.1504487731
1071 2502 3.02698929584
1072 1191 26.4787495643
1073 1070 9.53725760223
1074 1245 1.70937180519
1075 1320 47.8056616346
1076 3510 3.03591409938
1077 3251 82.0966563675
1078 588 8.41607272559
1079 1562 10.9222251381
1080 1613 2.07189387997
1081 2438 2.05660294124
1081 3025 76.0291565576
1082 1076 2.89915868732
1083 2038 21.3981470107
1083 2297 0.996002374498
1084 1925 95.3707793783
1085 2116 7.22359262406
1086 2770 28.0809408949
1087 1694 46.7339265877
1088 2026 32.7713539895
1089 1738 1.59473521844
1090 2783 5.32482451707
1091 1414 105.455911128
1092 3147 58.6109335436
1093 1758 43.1823969106
1094 3279 25.0751027001
1095 2439 46.5933274789
1096 3289 47.2743098739
1097 1099 23.814664628
1098 1099 44.5400494023
1099 3238 181.019822786
1100 2613 8.86182646724
1101 1098 17.9541813244
1101 1103 42.9850061836
1102 3138 24.098879444
1103 1567 7.888393682
1104 2847 5.16927762054
1105 1106 99.9322582968
1105 2904 45.4895716904
1106 1032 69.8574018665
1107 2536 21.8762162381
1108 2513 4.44107822343
1109 2433 7.57581074315
1110 1112 3.75082092688
1111 1929 44.7522468342
1111 2401 60.1399816921
1112 1114 3.56467161382
1113 3250 87.9952993991
1114 1117 4.24909134829
1115 1204 131.601517612
1115 3248 57.6783027659
1116 496 128.132943861
1117 2518 3.53800762275
1118 458 18.0158581843
1119 1918 11.8291602894
1120 800 4.44006277166
1121 1152 105.089342843
1122 1939 10.1719104469
1123 2601 41.8311295856
1124 1121 10.7984965448
1125 2037 41.6168232107
1126 1286 12.4400656703
1127 2126 32.1230593964
1128 3488 23.0532548716
1129 1131 6.57320408758
1130 3012 86.8664413211
1131 2522 10.7310563326
1132 1472 91.5533507292
1133 2335 2.31450036553
1134 2344 2.30864826927
1135 2543 25.1585833782
1136 1625 21.3403294735
1136 2597 13.0534703406
1137 1090 9.41544368479
1138 2774 26.3264086462
1139 1761 23.6903190949
1140 2927 26.6547599588
1141 817 58.2754635924
1142 1907 1.76134022092
1143 2528 4.1806221533
1144 346 100.309761379
1144 3043 40.6727886015
1145 956 23.1418862732
1146 1097 35.6824966927
1147 1755 1.89930200577
1148 93 6.85395438787
1148 1031 3.5532686898
1149 1755 11.6350657998
1150 2120 3.63853920694
1151 2112 16.5985304119
1152 1890 30.6850446749
1153 2659 3.47888673372
1154 1352 1.70937180519
1155 632 27.6252154602
1156 1248 56.0001071892
1157 631 28.0950682172
1158 1836 15.1581673632
1159 1083 48.6805220809
1160 2748 1.77155097441
1161 831 93.099562911
1161 2561 7.09129273412
1162 2586 11.5526127637
1163 75 159.416168928
1164 2493 2.0145139917
1165 1396 5.63103808184
1166 743 2.61800714424
1167 2043 9.52968985051
1168 2059 1.7407390418
1169 1152 6.8388060533
1169 2962 105.328840458
1170 3194 6.53674524151
1171 1700 5.37371581063
1172 1171 3.20357696496
1173 1445 1.72512671709
1174 2370 4.70628488194
1175 1179 49.778926529
1175 2512 27.6291326341
1176 967 203.751467942
1176 3012 5.82469818671
1177 219 4.58987069069
1178 1860 198.019791626
1178 2807 59.7249702177
1179 1862 56.4356426009
1179 2494 17.383542536
1180 1052 3.05958630262
1181 2524 2.72931746877
1183 1059 3.21902274665
1184 1741 1.98292950932
1185 2533 99.5020375345
1186 1928 8.43587338825
1187 202 8.72387681779
1189 2917 8.22312229663
1189 3181 15.336790194
1190 1191 14.7321450911
1191 1194 17.1403456318
1192 2194 7.004279712
1192 3377 15.6421674927
1193 1194 28.357539394
1194 529 12.9187445314
1195 1016 60.0945277504
1195 2562 41.6923829567
1197 1196 97.3434432292
1198 1199 15.9784249043
1199 1200 11.3482301482
1200 1201 21.6095167166
1201 2382 32.0109872368
1202 958 4.57313903819
1203 712 54.589653534
1204 1197 74.5090633383
1205 2064 104.256673168
1206 1207 181.223321899
1206 1213 60.9433305596
1207 965 60.194091581
1207 1835 64.4577323382
1208 2645 11.4455601253
1209 1207 60.1952901412
1210 3408 22.8587920417
1211 1209 62.5363752714
1213 1212 61.0399586307
1214 3317 4.93635862525
1215 1750 12.7592954415
1216 1256 7.85803927566
1217 1749 4.50859252926
1218 2872 6.25040638852
1219 1220 5.89625452313
1220 1258 5.64383591217
1221 1938 11.3247624103
1222 414 5.92219908403
1223 416 36.8546573062
1223 1649 72.285535512
1224 1215 11.0269980678
1225 462 14.4343828553
1226 476 21.3460337776
1227 2995 7.3449228023
1228 2532 10.0591308999
1229 2326 2.31839355645
1230 2319 2.31644777889
1230 3302 90.1331371888
1231 3082 98.9389147275
1232 415 60.7031302324
1233 1234 7.75464331732
1233 1331 16.4264919737
1234 1235 14.4115601994
1235 1236 17.4604125688
1236 1237 21.8976425079
1237 522 29.6564924171
1239 1611 4.77004698072
1239 2837 49.7370590136
1240 2874 5.56984683258
1241 414 7.71324760977
1242 400 165.857682723
1243 264 42.6614264267
1243 1439 102.879598885
1244 1894 54.3736363189
1244 2288 2.44339131548
1246 1144 12.5835029006
1246 1247 165.602634989
1247 337 27.8524722577
1248 2826 11.806266596
1249 2549 19.6662611474
1250 3153 25.5895264807
1251 1250 13.4455290148
1252 192 3.43322151143
1252 1412 25.1447788434
1253 2909 7.02934212602
1253 3434 103.519974408
1254 719 5.05014367434
1255 1219 21.7716683223
1255 1884 4.27342951298
1256 1269 7.86950752355
1257 1266 40.9333733001
1258 1222 7.78308377973
1259 587 2.91621727024
1260 1094 9.08493944595
1261 2714 9.05212197767
1262 1261 16.7905709581
1263 2341 2.75235009204
1264 2781 3.83405054018
1265 1264 4.36323041402
1266 971 5.83320761153
1266 2546 7.40118781257
1267 1268 30.2925273293
1267 3188 89.3070909037
1268 1255 8.91559956393
1268 1290 5.59246887394
1269 1218 7.55077061395
1270 1056 18.1370911138
1271 2851 10.456946952
1272 3006 9.73288042387
1273 1410 64.5941415065
1273 2548 7.40240621538
1274 1292 5.81074679377
1275 663 15.0086925704
1276 1275 30.9758048613
1277 1276 2.96984277813
1278 1277 2.51612716918
1279 1280 33.5505127229
1280 3118 58.1622282892
1281 638 11.2500581513
1282 1281 2.79139246895
1283 1282 2.39492870322
1284 298 50.1825638542
1285 1823 60.1830037674
1285 2100 40.1251991654
1286 297 1.96005758492
1286 1125 16.8658659767
1287 1288 4.45425803026
1288 659 11.5779555939
1289 457 75.4918194245
1290 491 12.585652763
1291 1241 20.2809972578
1292 1293 5.6534152728
1293 1294 2.38738560195
1294 1295 2.87259617761
1295 1296 2.12348419735
1296 1297 6.26049815953
1297 1333 4.33523743854
1297 1338 19.3617048707
1298 1299 5.44954065113
1299 1300 5.15792519379
1300 1301 5.14742380822
1301 698 3.96244654789
1302 1304 30.1512324018
1303 1327 3.83169763996
1304 3220 12.9347905008
1305 3478 4.93635862525
1306 3199 9.33995158706
1307 1308 6.3007036068
1308 1309 6.7538816128
1309 1310 8.21653940915
1310 1319 33.5147432853
1311 648 35.4200728702
1312 616 62.1848125817
1312 2600 56.0590980181
1313 2559 34.8696537646
1314 1315 4.3070625316
1315 1316 3.78671476794
1316 1317 4.74255368555
1317 1318 8.74916721039
1318 1319 8.52572955228
1319 1311 4.83856272339
1320 976 29.3778493955
1321 1949 28.3909122474
1322 775 17.443101108
1324 1325 9.20622853418
1325 1326 4.27870209921
1326 1327 7.74999006559
1327 702 5.92219908403
1328 755 48.7863735654
1328 1329 5.47842461551
1329 1330 6.8044333328
1330 780 6.75121051062
1331 803 87.8119642246
1332 1297 7.38471969946
1332 2501 13.6723362676
1333 1334 3.05958630262
1334 1335 6.37186809092
1335 1336 3.89704189602
1336 1337 2.65732646161
1337 1338 2.04119745885
1338 1298 5.31380441154
1338 1339 7.25846534287
1339 1955 5.1439185822
1340 2419 2.06753657992
1341 1403 13.7111978582
1342 1542 7.88095908305
1343 2561 88.5548414504
1344 1350 11.5834067924
1344 2560 7.56031948987
1345 2203 10.5902055085
1345 2389 4.95823329056
1346 1992 5.89625452313
1347 420 8.99515525644
1347 2764 76.4096774267
1348 468 35.1819743611
1348 2445 25.8981511682
1350 2523 7.07155309409
1351 928 38.9556055343
1351 3393 165.979463294
1353 2138 39.1046403921
1354 2785 22.3117466609
1355 2400 5.39715999217
1356 1357 10.8189383846
1357 1358 6.82494560117
1358 1359 12.585652763
1359 1360 5.12107613234
1360 1361 4.437015022
1361 1362 13.0209585334
1362 1363 12.233923044
1362 2032 9.13147586878
1363 1569 25.0108220023
1364 1195 41.8349022392
1364 1534 39.7749620378
1365 1366 10.6488021772
1366 1367 2.35697180468
1367 1368 1.90641108367
1368 1369 8.37902217288
1369 1370 8.85266274465
1370 1037 3.27044142946
1371 1372 2.8584337437
1372 1373 6.04055677266
1373 1374 2.33776226022
1374 1375 12.3935823105
1375 1376 2.53220482267
1376 1377 5.6979060173
1377 1378 9.67106602702
1378 1379 2.64201033138
1379 1380 8.54580379303
1380 1055 9.37993712033
1380 2009 10.7003377976
1381 180 11.4147892535
1382 1383 20.2723243199
1383 1384 31.354018988
1383 1385 6.93050070867
1384 1789 6.1265371194
1384 3361 34.5174299481
1385 1386 15.8929706034
1387 1563 13.2004905367
1388 3285 1.98747230911
1389 3146 120.997463725
1390 535 57.238515555
1390 1092 75.501136851
1391 3140 2.95462052116
1392 467 10.4171996953
1393 3183 29.8199487867
1394 1840 5.1745088018
1396 3576 13.9204066769
1398 3101 2.17385050612
1399 186 69.0897048188
1399 590 7.97367609219
1400 249 137.309749194
1401 1416 3.92011516984
1402 258 104.019345377
1403 2075 9.54387446246
1403 3180 35.2582794337
1404 3112 2.92239570358
1405 411 1.36960615388
1406 3416 2.08923220634
1407 2381 2.91467061552
1408 1627 2.06317007752
1409 1257 76.1774614151
1409 1332 13.1264992451
1410 2487 32.3358606839
1412 2795 18.7020980818
1412 2853 2.67592712842
1413 1446 21.2223097186
1414 827 50.2788864862
1415 377 28.4105997148
1415 1590 21.9765739275
1416 3113 6.64416454381
1417 101 7.64513294442
1418 116 29.9153632044
1419 1979 2.28311585726
1421 848 10.8218554954
1422 1914 16.5941832553
1423 2492 53.7790976728
1423 2510 77.0691961317
1424 3099 1.58622990329
1425 785 23.5974420752
1426 3111 1.56620455695
1427 1356 10.9362528572
1428 3211 10.5718807594
1429 695 11.071888146
1430 991 2.16136896464
1431 211 5.69473963417
1432 244 47.9347103005
1432 320 2.28706247361
1433 305 4.71394360935
1434 951 10.9909539988
1435 1437 14.0894416655
1436 537 11.6903542767
1437 1873 23.7919323913
1437 1874 21.9535815784
1438 3228 3.06841629587
1439 1364 83.5914078788
1441 1710 12.2799091744
1441 3098 134.32926729
1442 2886 58.6787502716
1443 3598 5.05460611549
1444 96 8.43266562843
1445 1932 28.4917458527
1446 1420 23.4346469172
1446 1475 68.5242790056
1447 3457 58.0281057397
1448 1173 33.6020826461
1449 1653 9.1856340158
1450 1448 3.23996651179
1451 1453 2.36079495691
1452 235 59.801326559
1452 1486 1.21614667073
1453 1458 2.37032585944
1454 1459 97.8654868879
1455 1457 7.5900822988
1455 1715 130.522681558
1456 1459 48.0744816567
1457 3390 14.2956388018
1458 1462 2.36079495691
1459 2039 13.513103318
1460 1461 10.4634131674
1461 1463 72.5172806994
1461 1705 8.70058619116
1462 2416 1.99426710606
1463 2740 13.8365813162
1464 2839 95.4915520538
1465 3134 41.2979189853
1466 135 47.9903670208
1467 767 2.12348419735
1468 1466 35.0412212419
1469 1468 5.27718934684
1470 1058 20.8214095525
1470 1468 27.309195639
1471 1474 2.36270421315
1472 1561 8.34396898999
1472 2052 23.7131487418
1473 693 6.21350489964
1474 2355 3.16961582591
1475 1355 80.7991736406
1476 793 9.51595796066
1476 1304 12.9264211758
1477 934 8.33856311382
1478 1479 6.57389004678
1479 933 6.23885294724
1480 932 6.37186809092
1481 930 5.67490971242
1482 1483 10.5518149807
1483 2864 46.035060882
1484 875 8.77592628328
1485 2598 2.36270421315
1486 1804 42.2226412666
1487 1488 25.1519509759
1488 2875 30.2874658466
1489 2395 42.5390652074
1490 2879 20.0022743402
1491 804 38.739359555
1492 2007 4.70724290432
1493 929 3.80097739759
1494 2945 6.1909671021
1495 1312 85.7722556778
1496 825 251.984431334
1497 3456 78.3973570866
1498 2603 27.7408646606
1499 1497 7.5781912022
1499 1844 103.281870625
1500 2581 41.7101163907
1501 1422 18.3066014789
1502 805 24.1523341389
1503 231 32.6370609838
1503 3516 40.6086581237
1504 1530 20.5633981956
1505 2465 3.3575233195
1506 1521 7.50524754581
1507 494 67.5086318974
1508 449 10.6114735653
1509 807 29.3131591819
1510 1759 64.8521947235
1511 438 93.8237408763
1513 404 3.76042611784
1514 1509 5.40550827248
1515 526 31.2876499278
1516 2131 23.3857223554
1517 1518 49.2527500039
1517 2920 31.9937972536
1518 2858 159.477084514
1519 1802 20.4309639138
1520 1891 5.90847791956
1521 1828 37.8219897817
1522 2069 11.9776556262
1523 3022 101.068122126
1523 3247 39.6026102347
1524 2270 53.255696694
1525 3259 22.681157278
1526 2741 12.9894068161
1527 3234 13.4341217018
1528 2575 44.6065137624
1529 1782 5.85789201744
1530 571 9.0948607544
1531 1537 9.03616757535
1531 2080 11.6795491671
1532 1549 10.3933651493
1533 1558 8.76255696144
1534 216 44.8940920255
1534 436 44.1835781283
1535 2111 41.0832458358
1537 531 3.20357696496
1537 1560 62.6411282023
1538 2167 240.03664741
1539 1541 64.4260346169
1540 1522 15.8452336175
1541 2056 28.4800319932
1542 2809 12.365170828
1542 2812 51.2162202266
1543 1568 5.96544123233
1544 1527 15.6919591488
1545 2088 24.6843506925
1546 1554 43.9972397496
1547 1573 9.6013426628
1547 2050 10.7775975576
1548 2826 5.03135820189
1549 1572 8.58160891952
1550 1127 32.5748289794
1551 1132 8.88012554333
1552 2608 49.302894944
1553 1546 88.5159302579
1554 2122 55.6989540663
1555 1562 7.17599430446
1556 619 55.9338797584
1557 1559 21.2070060861
1558 580 3.58862546799
1558 1151 19.8106395033
1559 1210 11.0453842419
1559 1571 13.1127513368
1560 1149 20.2072702068
1561 2378 4.67648884437
1562 2084 2.35697180468
1563 742 12.9005815766
1564 1553 24.3166293985
1565 1540 12.0721524016
1566 1539 18.8596003022
1567 2054 11.6020771714
1568 2463 7.61972885451
1569 1365 6.11032347174
1570 2873 224.286940586
1570 2992 2.05221317543
1571 1564 21.3420197966
1572 1533 11.3672868033
1573 1079 14.2428656146
1574 783 5.11755285973
1575 2511 54.9148779218
1576 3442 47.4093706254
1577 1582 32.3824029658
1578 1661 87.7583379652
1579 2958 26.8692503397
1581 711 22.797163027
1582 3246 13.6505518781
1583 3255 24.6433977805
1583 3286 23.5354481692
1584 1525 59.8662884551
1585 40 72.9505063143
1586 1587 52.7276134909
1587 2957 15.244191195
1588 282 0.53720373112
1588 309 27.4912073938
1589 1278 3.30336616651
1590 1591 15.3831737934
1591 1592 25.9252984494
1593 2622 44.9674540914
1594 494 38.1395733002
1594 2867 199.155310135
1596 1920 3.07722095184
1597 2173 1.36630986473
1598 1938 2.01003230875
1599 1829 2.09354435171
1600 3021 2.05660294124
1601 1602 2.41555077912
1602 2174 2.23117466608
1603 2394 2.06317007752
1604 539 35.4134523434
1605 1919 2.73921230776
1606 287 27.5349666576
1607 2176 1.8093281651
1608 1637 16.2723191211
1609 2408 2.41741679004
1610 246 2.2910022913
1611 1238 87.4926513297
1612 1570 2.50355094607
1613 1633 2.05440923082
1614 1615 2.4118144261
1615 2172 1.49852400646
1616 3164 1.99652689954
1617 2393 2.06317007752
1618 1624 69.8354519542
1619 3023 13.7492937149
1620 2411 2.05879431421
1621 982 1.91349374986
1622 2405 2.00554061082
1623 3040 45.559599651
1624 295 7.39265337028
1625 2164 23.2557877798
1626 3163 2.02789961398
1627 3145 2.36461192781
1628 1621 1.992004749
1629 2094 2.05440923082
1630 1081 1.58907006654
1631 2390 2.05440923082
1632 2317 3.17814013308
1633 1408 2.06317007752
1634 2388 2.05879431421
1635 1628 2.00103883049
1637 269 48.9914082547
1638 2331 3.17530124004
1639 1630 2.05879431421
1640 1774 1.89930200577
1641 2396 2.00103883049
1642 1599 1.99652689954
1643 940 34.7777185964
1643 2264 12.9306065155
1644 2838 29.2390742863
1645 1778 54.9584622399
1646 361 78.0477943367
1646 2044 23.0993700252
1647 2323 3.18097649254
1648 149 97.6264325327
1648 1248 10.2452336042
1649 3266 93.4003848797
1649 3281 33.0816757336
1650 1439 81.1017524368
1651 3122 45.3024339632
1652 2337 2.76216242295
1653 1450 3.99869609919
1654 2071 1.94620541428
1655 3229 2.05879431421
1656 3059 1.81181863863
1657 3169 2.14671544677
1658 3070 3.66200991201
1659 1449 5.47101187491
1660 2256 3.41610467243
1661 1176 87.526711234
1661 1381 292.296253809
1662 1666 136.849652096
1663 3261 11.3430634611
1664 1120 12.0631846012
1665 812 3.74119107549
1666 1422 8.15207768242
1667 1662 59.1967068356
1667 2946 18.4559975402
1668 493 2.038987174
1669 1670 4.73208340875
1669 1802 2.78492341629
1670 3449 115.826398862
1671 2939 15.6680904132
1672 270 39.6448300889
1672 1675 55.4310729087
1673 2321 2.32228022063
1674 583 1.992004749
1674 743 45.7784976518
1675 1685 16.0558436168
1676 1134 3.09766782762
1677 1960 11.7111645496
1678 737 60.2400692281
1678 2985 59.5015277259
1679 2636 20.4269908646
1680 1229 3.14677145016
1681 2327 2.30669427123
1682 2016 37.3291369353
1683 2632 16.5979870796
1684 3210 11.0608865432
1685 2861 40.1389069263
1686 3481 33.6423166449
1687 2634 13.9174910353
1688 1018 42.8325238731
1689 504 38.9565315385
1689 1764 15.190557599
1690 791 18.748814269
1690 800 30.9561465111
1691 973 45.7081144971
1692 975 43.9867847406
1693 1694 20.5021272078
1694 714 164.029471151
1694 913 17.4993651594
1695 353 15.9626136233
1696 1183 10.6131731686
1696 2786 49.9278055181
1697 643 11.396603383
1698 1456 34.1478443869
1699 2473 27.9549254626
1700 1975 45.4471260929
1701 2841 23.79856487
1702 974 5.32228344104
1703 1464 51.4476005426
1704 3494 71.6900970598
1706 1512 48.1077676473
1707 846 10.9230507968
1708 2133 48.2953324909
1710 1447 13.5510905648
1711 3092 29.2825314059
1712 516 9.6172972044
1713 3062 3.65708122887
1714 3058 3.90628756002
1715 86 31.382768851
1715 1716 7.70096116818
1716 1457 129.780815371
1717 2643 27.5963091316
1718 2574 64.0185232209
1719 2646 23.956440625
1720 3089 17.5377170166
1722 280 100.153249162
1722 1823 24.3270116135
1723 2645 24.5987107756
1724 174 53.5996183683
1725 2435 7.23855864692
1725 2751 54.3331515914
1726 607 10.2641415387
1727 605 30.9868662976
1727 1732 33.5034397394
1728 1730 11.4242660415
1728 1736 32.1253052734
1729 1018 51.8286770955
1729 2812 46.174527896
1730 1731 137.030131599
1731 1727 43.3467573512
1732 826 75.2656385213
1733 303 52.5923207267
1734 465 26.9600550909
1734 1728 47.7918884567
1735 3439 28.1556708691
1736 1737 28.9908091914
1737 2298 7.81084341767
1738 2070 33.5311535538
1738 3458 4.73779733726
1739 1738 39.4485986765
1740 1739 42.0029253711
1741 1740 18.6813514719
1742 1691 3.12087165622
1743 448 88.6651666161
1743 1737 46.6488446812
1744 2026 74.5494183245
1745 2837 35.074277003
1746 2025 29.3595784889
1747 2718 23.0509075685
1748 542 124.631844504
1749 451 9.34719055132
1750 1225 27.3731856771
1751 713 5.30786103173
1751 1093 1.58338464557
1752 1753 41.8347944538
1753 1463 37.1744399706
1754 3491 69.9752969011
1755 987 24.9400484379
1755 3119 11.403723047
1756 2464 54.1779018252
1756 3427 227.359460822
1757 2749 26.0765242808
1758 1754 66.3999621176
1759 1511 10.6093486782
1760 866 10.7700639946
1761 1768 61.2449067321
1762 709 4.46234933217
1764 205 10.8928737108
1764 1931 176.226775248
1765 1203 1.65577310128
1766 1504 218.117243175
1766 1767 39.7238004239
1766 3512 41.812908268
1768 1776 3.92930654276
1769 1231 56.0075951424
1770 2373 1.73814672608
1770 3028 31.822236898
1771 1349 1.90404434026
1772 1769 57.6940925983
1773 3158 15.2302823935
1774 2429 1.99652689954
1774 3026 75.9235138002
1775 41 46.4257947883
1776 1783 2.8882507686
1777 1790 87.433517406
1778 2113 50.9076716081
1779 2301 9.72175500919
1780 2306 4.61143330248
1780 2986 11.5041116021
1781 2195 3.2413579512
1782 2410 54.2526733079
1783 2529 2.06098335716
1784 2583 88.4754730048
1785 1786 41.6049029974
1786 1777 47.0170283835
1788 3011 11.6075170418
1789 3303 25.0153288303
1790 2000 14.5069875814
1791 2668 9.2594625213
1792 1232 54.2269848382
1793 1442 8.809772674
1794 1610 17.2455157898
1795 1729 48.0369486796
1796 246 39.0834174564
1797 1936 92.7835759638
1798 1066 42.3141725339
1799 1798 50.3595369273
1800 705 6.43664454768
1801 431 1.5776787364
1801 3171 40.8965635972
1802 2214 56.8665737709
1803 266 114.920955831
1804 99 1.74591212614
1804 1803 5.49978307708
1805 1806 4.14052193432
1806 758 48.4056595083
1807 1841 9.66686881915
1808 2660 18.8548178499
1809 2979 67.7204380128
1810 2169 179.073713205
1811 2779 1.78927958878
1812 1847 5.51124950249
1813 7 73.4454216291
1813 2571 67.324429362
1815 224 174.777017234
1816 948 17.8248759626
1817 2531 5.32651789429
1818 2041 90.5013419804
1819 321 52.7664245951
1820 1942 47.294908204
1821 1506 46.2816291522
1822 1922 38.51382203
1823 3411 27.4253553759
1824 927 14.5820140684
1825 1870 4.78043410908
1828 3237 48.1001748439
1829 1340 68.7995116483
1829 2384 1.99878413813
1830 1946 10.7045510268
1832 1933 130.54133568
1833 3241 79.2460859572
1834 1206 51.8140587414
1834 1515 87.5976225437
1835 2375 49.1431318915
1836 1842 59.6906837572
1837 2715 56.0615914873
1838 3076 74.8294861149
1839 1858 21.598245779
1840 1407 2.56229849131
1841 1855 4.94913059647
1842 3240 28.453261988
1843 1497 103.417822649
1843 1844 8.9539550884
1844 90 54.0585861816
1845 2300 5.4354559159
1846 2683 15.8127585887
1846 3137 29.143921305
1847 1870 2.4544391095
1848 1345 5.00890268411
1849 208 13.112063563
1850 1931 16.5740628245
1851 463 57.5218906691
1852 2040 5.17625135406
1853 1854 15.3649893264
1854 1830 40.5482073732
1855 1888 7.00685434165
1857 880 6.60946182388
1858 1807 4.34977480248
1859 340 35.1860754815
1860 1977 45.9746834064
1861 2045 8.58686178707
1862 2535 2.74578905746
1863 2442 18.1261486747
1864 2824 25.8385361678
1865 446 66.1644418954
1865 2959 57.0941682253
1866 594 92.6653079212
1866 649 75.8983277732
1867 1726 17.0686394204
1869 2591 23.0313374059
1870 16 4.39309826703
1871 1886 32.5388184599
1872 644 4.2723742149
1873 1874 27.6516456148
1874 1875 32.4634830496
1875 1876 13.4327790281
1876 680 14.7792059329
1877 256 145.693425334
1878 1879 26.5837832394
1879 645 24.1905768898
1880 2700 137.135589331
1880 3034 48.692191825
1881 695 35.0975388354
1882 2030 3.34271757227
1883 51 43.6470799887
1884 1216 7.66221837824
1885 1455 73.1011092707
1885 1635 2.00103883049
1888 1826 4.98544165263
1889 2450 59.7654240675
1890 2093 27.5510106733
1891 771 6.26481822778
1892 3602 5.88783621788
1893 2508 68.2249399455
1893 2565 43.4465074353
1894 2759 80.6258175651
1895 92 55.3354069176
1896 589 66.3852920551
1897 2090 98.6965667231
1898 1937 6.75187838523
1899 1473 13.8649046421
1900 1270 36.8807087517
1900 1594 123.717804969
1901 1904 5.04478353448
1902 2715 37.6187676776
1902 2828 26.8065805672
1903 2599 36.934709931
1904 834 3.28694502339
1905 1919 81.267712769
1906 2081 41.2151817443
1906 3495 120.555043611
1907 1113 1.71726732899
1908 2015 33.8074423245
1909 752 11.2360208904
1910 359 4.16982228469
1911 2296 189.885015563
1912 1519 19.2120758515
1913 1516 19.4142671039
1914 1519 15.7676387478
1915 1914 18.6199416424
1916 1917 3.53800762275
1917 1921 3.07135398568
1917 1927 14.6557335124
1918 1476 4.36012895853
1919 1607 2.41741679004
1920 1597 2.41555077912
1920 1903 69.727280155
1921 362 1.90404434026
1922 36 120.461199012
1922 1995 40.5732209036
1923 584 5.0795233389
1924 1763 1.70408779933
1925 1614 2.4211444974
1926 2207 132.853493991
1927 976 28.0359429637
1928 1039 5.76243345683
1929 1709 27.2771443266
1930 564 42.8675660452
1930 1475 20.2936664227
1931 1851 53.0656958962
1932 3383 1.29515129261
1932 3435 18.2298366573
1933 1133 31.843626287
1933 1831 58.2338198446
1934 549 12.8048033929
1934 1941 7.03383105544
1935 2817 15.777930568
1936 3115 4.04689515745
1937 549 5.25149276817
1938 1601 2.41368332559
1939 612 15.8452336175
1940 1100 26.6383454168
1941 1943 8.80055474971
1942 586 382.333397605
1943 3370 19.3216059325
1944 498 190.467560163
1945 371 13.7813960811
1946 3585 5.49568212723
1948 224 4.50058436569
1949 1948 11.6176129004
1950 361 52.8062318775
1951 2035 12.4628805341
1952 620 35.2562331326
1953 2676 74.9719244536
1954 1346 6.93440338418
1955 2815 5.96846400488
1956 1959 60.110958141
1957 2953 9.4345807852
1958 1956 4.32899219529
1960 1126 23.1329214594
1960 1684 12.3731909284
1961 213 1.47119300755
1961 1159 42.4863500279
1961 2292 1.62276434508
1963 389 3.08161384622
1964 1970 8.79696739284
1964 1971 46.7845544886
1965 1964 12.1633204482
1966 1965 7.55136777245
1967 1966 5.8916642114
1968 1967 7.54120964701
1969 1968 5.74989960087
1970 1969 10.2632628723
1971 1972 9.54670885577
1972 1973 16.7545459945
1973 2731 10.8783755552
1974 2706 87.8944969858
1975 1780 20.1272251603
1976 2807 154.615549241
1977 1795 49.352075266
1977 2810 44.1049252477
1978 3186 31.1636047006
1979 1406 2.09354435171
1980 1002 28.1675196191
1981 1913 23.2778813355
1982 1983 18.7769322791
1983 551 12.1313966418
1984 1985 17.6123781444
1985 1986 18.8275346751
1986 538 15.8850244014
1987 3025 37.9772548277
1988 635 47.9149516731
1989 1990 26.6308963096
1990 1991 32.0758596545
1991 533 10.4737508085
1992 1353 38.1251466928
1993 1784 11.407676496
1994 3046 41.8492352213
1995 1906 40.9371185395
1995 3575 120.5199914
1996 530 12.7748357507
1996 2808 32.4023093126
1997 1820 12.8592704817
1998 2413 12.0392378091
1999 2031 10.8671780478
2000 2414 79.0109634404
2001 830 8.28104386864
2001 1484 7.80795639358
2002 1287 3.48924058618
2002 2546 3.25108135237
2003 1810 80.30387239
2004 1136 10.4042058027
2005 1844 131.488260854
2006 633 3.84579344835
2007 1491 6.01512273644
2008 3497 48.6171231646
2010 2842 28.9236944387
2011 2012 6.45762681961
2012 2013 12.3198689803
2013 2014 12.9005815766
2014 1682 69.30214426
2015 1905 46.5300888648
2016 141 88.8724182285
2017 2018 13.2485674931
2018 1998 3.81991139967
2019 2137 16.9442862347
2020 3127 352.863043697
2021 2109 14.9207067042
2022 560 7.6362806512
2023 2135 26.0626869096
2024 1441 7.41397105556
2025 941 48.77065842
2025 1744 50.3243354652
2026 1745 15.0303085575
2026 3604 48.7717678905
2027 1058 29.158616123
2028 2096 56.3074979608
2029 1089 1.21243323712
2029 2480 41.239353366
2030 3375 3.22042323518
2031 2917 6.89789254477
2032 1808 19.9281949341
2033 64 6.24174331244
2034 360 52.8722833221
2035 2160 6.1014615041
2036 3287 98.8139590995
2037 25 42.9951804104
2038 209 91.540150243
2038 2369 1.30900357212
2039 1852 5.71528976763
2039 2956 126.337423557
2040 2041 55.5730054674
2041 952 14.0945613755
2042 2315 22.167385038
2043 2057 14.5392778085
2044 1861 9.64538789962
2045 3368 7.11541500627
2046 2047 7.61499316178
2047 2491 5.61419665699
2048 700 41.7163861666
2049 718 57.94933517
2050 1531 7.85057593073
2051 385 32.5259280933
2052 2463 91.1949813576
2053 2662 8.99415261972
2054 1550 23.0733927352
2055 692 19.8670076599
2056 481 61.6305209944
2057 2833 11.5256494011
2058 1167 2.71772795795
2058 1674 11.9157551827
2059 2058 23.509569127
2060 245 172.509378259
2061 2062 8.19345765295
2062 1168 6.04055677266
2063 2604 85.449278508
2064 1557 9.68411237371
2065 1210 12.4295495149
2066 3452 19.2809558732
2067 3450 42.2023452569
2068 2642 33.1845620322
2069 1537 11.5911897717
2070 2469 4.99628351028
2070 3441 20.0207513631
2071 1656 3.39491932284
2072 295 7.11034343399
2073 2187 16.0229511928
2074 1267 67.0049952105
2074 3432 1.51349464792
2075 306 6.76455547424
2076 5 4.79173984211
2077 2190 29.0282697522
2078 2698 3.29790153719
2079 1417 49.0336365645
2080 1555 10.7070781686
2081 2223 41.410446395
2081 2877 60.9570911097
2082 980 165.739784853
2083 381 55.443843012
2084 1545 6.07628240759
2085 1747 84.7376628374
2085 2602 50.2701864366
2086 1136 23.9142412064
2087 3212 2.00103883049
2088 1389 25.0804969354
2089 2130 92.5744619925
2090 2204 72.60521327
2091 60 18.1864985567
2092 1644 11.3926460915
2093 1128 37.1161712653
2094 1600 2.05879431421
2095 2733 16.4270409783
2096 1887 9.42884373341
2096 1978 31.2785690318
2097 2095 8.44388745642
2097 3165 7.34123836625
2098 1185 100.584584757
2099 2737 29.1777855932
2100 2515 28.7476158152
2101 2440 20.1554336919
2102 1015 48.1665010787
2102 2105 34.2625343256
2103 2734 43.543854423
2104 2107 39.2487439261
2105 399 32.3556563022
2106 1832 36.9364190856
2107 84 7.50043957123
2108 3388 42.3861488641
2109 710 48.6979330535
2109 1164 25.9763835156
2110 2009 56.4607255005
2111 699 13.3046071612
2111 2607 6.97201662149
2112 503 52.1837330567
2112 2042 16.9703457917
2113 981 52.6190643298
2114 3215 2.00554061082
2115 2950 4.80677278836
2116 129 5.96695281002
2117 1532 12.0126159822
2118 3032 6.58622509577
2118 3419 19.5148082204
2119 1494 5.91686685662
2120 68 16.1839589666
2120 1558 8.85062507337
2121 2087 2.63517458815
2122 1551 13.4903933265
2122 1566 14.8746998717
2123 1567 9.37416662632
2124 1400 108.290115877
2125 2470 11.2275901098
2126 1169 55.7298708192
2127 2140 11.7411587158
2128 662 2.09354435171
2129 1556 57.5160894598
2129 2620 35.2582794337
2130 1516 38.9062639791
2130 3123 1.45268669844
2131 1797 7.01135766859
2131 1981 19.2580232396
2132 2157 36.6664913124
2133 966 31.0076685659
2134 768 12.6563933561
2135 406 7.08365810848
2136 2023 18.0108516931
2137 2136 13.5989227814
2138 1013 140.978753964
2138 2709 14.4406293429
2139 1909 12.0302454729
2140 155 18.7240258586
2140 2164 1.92524029205
2141 301 11.764945684
2141 842 41.6514807977
2142 682 9.71108119328
2142 3430 18.9616556776
2143 3433 2.4043243011
2144 178 49.3486031717
2145 2413 113.444308751
2146 681 10.0993944267
2146 2142 17.4653186661
2147 2150 17.7414531327
2148 2425 20.6867036085
2149 679 10.2738019094
2149 1038 13.8947929384
2150 2765 16.5059070015
2151 678 10.3985700734
2151 2149 17.7749707211
2153 2908 123.841117766
2156 2420 23.0489513
2157 1701 35.867401905
2158 770 13.1686841399
2159 1162 53.2880309995
2159 2064 316.58570052
2160 401 20.610271143
2160 1963 9.34333046834
2161 3193 9.61823488267
2162 673 10.6750235019
2162 3018 18.6383374502
2163 2166 17.3430298777
2164 7 12.7790707369
2164 3584 45.100724809
2165 672 10.8010017058
2165 2162 16.6984726986
2166 2895 16.5569139994
2167 2808 47.7004698073
2168 272 2.90847577192
2168 675 10.9280034385
2169 3016 4.61143330248
2170 1996 6.01662183247
2171 1528 59.1307043043
2171 2227 11.3855195007
2172 1596 2.41741679004
2173 1598 2.4211444974
2174 1605 2.41368332559
2175 2928 4.32690844441
2176 1609 2.4118144261
2177 2178 4.66683663832
2178 2179 5.29425110925
2179 2184 2.26726069421
2180 2181 4.76342519689
2181 2943 4.14596354783
2182 670 11.0576247069
2182 2168 17.5985474374
2183 1976 5.17538015127
2184 2180 1.07859620118
2184 2185 2.08274724852
2186 1397 8.06700439373
2187 669 11.1845345926
2187 2182 16.6614367249
2188 3197 27.0418855101
2189 2191 17.4089445799
2190 668 11.2756810928
2190 2073 1.17465341771
2191 2148 69.3676993728
2192 2193 34.0112969196
2193 2894 29.2086775835
2194 146 20.4291982095
2194 1193 6.91095427308
2195 2735 6.31642858638
2196 2988 37.9417368018
2197 957 11.341075647
2198 2201 3.63357868765
2199 886 65.6463041858
2199 1489 6.85198041738
2200 1208 8.60574556213
2201 2290 2.43969760012
2202 840 71.7654724948
2203 2206 14.1908494528
2204 3282 13.6786010999
2205 135 2.9622414276
2206 2210 12.9494238039
2207 1084 24.4543892003
2208 592 60.0864234378
2209 3559 2.44339131548
2210 2212 10.3232786223
2211 1253 9.80258819172
2212 2215 13.5247774193
2213 929 1.64484378645
2214 3434 1.38271273149
2215 466 14.8109026908
2215 2216 5.17973469992
2216 2217 8.99816249626
2217 3378 6.35911725817
2219 511 9.11961680421
2220 2308 5.01879549014
2221 2309 8.50878819515
2222 2145 3.68777742975
2223 2416 43.2235195331
2223 2878 60.1599225766
2224 2225 14.0368569744
2225 2596 13.7663369461
2226 525 3.35080154435
2226 757 3.57351539891
2227 762 28.5518224014
2228 2229 13.1333678026
2229 2230 23.6964091513
2230 2231 32.0140860876
2231 2232 17.5688002139
2232 2233 11.7871545516
2233 2235 11.9467454956
2234 1073 2.53576379115
2235 2236 10.6733337475
2236 3386 17.1242905777
2237 2083 17.0654689716
2237 2500 74.3812594561
2238 3391 11.9859350259
2239 2241 27.7574394692
2240 3392 5.13163143615
2241 2242 33.8736665649
2242 2258 12.8960368408
2243 2245 19.0664759643
2244 2695 126.988651613
2245 2246 15.0916845064
2246 610 27.2640817077
2246 3404 19.3111011895
2247 1284 25.6094307111
2248 2259 5.63343988962
2249 2250 9.39434784801
2250 2251 8.26741968799
2251 2252 13.2550326161
2252 2253 15.0089930057
2253 2254 12.119868605
2254 2255 14.0686236845
2255 3429 12.221384883
2256 657 2.75889552362
2257 2258 17.4606708188
2258 2243 12.1280509213
2259 2249 4.64747208742
2259 2260 24.3032743195
2261 488 66.1365621868
2261 2579 11.6791630854
2262 2167 51.6900719903
2262 2454 17.8175382795
2263 3521 52.1922869243
2264 2207 45.5759273242
2265 2412 51.9977935723
2267 3577 0.600612030275
2268 3489 12.8311873067
2269 3493 6.50978662567
2270 2415 2.15091235292
2270 2696 87.0419772936
2271 3024 13.8951174579
2272 2273 10.2487540007
2273 2274 7.77902722263
2274 2275 8.3071396598
2275 2467 18.2974855652
2276 608 5.73891002162
2277 2552 3.97040441729
2278 1244 2.05440923082
2279 1014 3.89241082856
2280 2284 3.58611154442
2281 1064 32.0674238185
2282 416 9.94008373751
2282 422 42.6391185255
2283 2551 4.07022679848
2284 2391 3.427963895
2285 3374 2.81712013234
2286 774 6.90442649769
2287 134 2.46543739808
2288 2198 1.87541046344
2289 2209 2.77519156329
2290 2205 2.35314244097
2291 2283 4.66973439497
2292 737 59.5891437774
2293 628 1.21984880006
2294 1434 1.58338464557
2295 1403 6.8933150927
2296 3058 41.1237263273
2297 1578 3.3709266595
2298 1748 2.49633608685
2299 1845 4.22354547739
2300 1529 36.4793324923
2301 2302 9.47987656926
2302 2303 9.4851073711
2303 2213 88.7127045426
2304 235 1.25985442334
2305 2161 12.2287618287
2306 2314 5.30871049337
2307 384 28.4031391355
2307 1643 81.2189818306
2308 2309 9.55237511931
2309 379 16.9915892698
2310 2220 12.3271869904
2310 2311 3.20076063302
2311 2312 7.88439130753
2312 293 4.13398254313
2313 1161 5.82469818671
2314 2096 4.16765895262
2315 2716 18.3575178157
2316 797 7.16844988922
2317 3037 1.72512671709
2318 3003 2.77843930175
2319 2348 2.31255131224
2320 534 46.5695141318
2321 1230 3.15821429319
2322 142 3.73395238879
2322 2486 15.1872919935
2323 3000 4.60556260207
2324 2333 2.76052945655
2325 2999 3.12664570678
2326 1681 2.63859467342
2327 2328 2.31839355645
2328 1133 2.48728808286
2329 2352 2.75562475125
2330 3038 1.66392297711
2331 2334 3.18381032516
2332 225 3.11074127865
2333 2338 2.75071130053
2334 2330 3.17814013308
2335 1673 2.6454215792
2336 3005 2.38927360984
2337 492 0.13430093278
2338 1263 1.45268669844
2339 252 3.17814013308
2340 2354 3.17530124004
2341 407 1.53420814794
2342 1652 2.70275413624
2343 3002 2.76542546298
2344 200 2.31060061488
2345 242 33.8131771126
2346 2353 2.74414634773
2347 3004 2.391160127
2348 1676 1.73555053833
2349 2128 75.3159463398
2350 1647 3.02251701175
2351 3008 2.19038192677
2352 1660 1.65031749139
2353 1668 2.93931943166
2354 1632 3.73998560065
2355 1798 70.1666145059
2355 2592 2.35505790115
2356 758 113.263470177
2356 1451 2.36079495691
2357 3587 19.7997110019
2358 382 53.8695757027
2359 2277 5.27804374486
2360 3028 1.73034647703
2361 266 42.5159507009
2362 1321 5.26178645875
2363 2376 172.881350325
2364 119 9.08990145377
2364 372 51.4270872493
2365 2322 4.3611630221
2365 2727 11.3656999691
2366 2367 50.392387336
2366 2852 56.7759476679
2368 2739 122.550686605
2369 677 59.5757484601
2370 759 3.13816193621
2371 647 6.01812055508
2372 1430 2.0032909852
2372 2099 12.0811135453
2373 1773 14.2257593443
2374 2747 15.9043154336
2375 3235 19.5784782369
2376 150 70.2649979327
2377 455 5.82469818671
2378 1554 8.49075096565
2379 1163 2.32422111543
2379 2055 36.6914474275
2380 460 4.21285564633
2381 769 2.98347640501
2382 2615 74.9242744845
2383 824 19.4671506801
2384 3130 2.00103883049
2385 3162 9.40298368362
2386 550 41.5396063356
2386 1703 16.8532955751
2387 779 5.76086821615
2388 1626 2.05660294124
2389 2387 6.33211451514
2390 1612 2.04781399957
2391 2359 3.68533114263
2392 2595 2.35888415534
2392 3117 41.0504152926
2393 1080 2.44339131548
2394 1616 2.06098335716
2395 2262 50.0202016691
2395 2768 36.8138920498
2396 1642 2.00103883049
2397 340 39.2092027515
2397 2601 107.317748499
2398 1640 2.00103883049
2399 2486 10.2742408013
2400 2462 27.2677200277
2401 440 98.8742676252
2402 1078 6.10367820227
2402 3454 3.30336616651
2403 2404 62.7728651314
2404 2428 3.01205585845
2405 1885 2.10214210596
2406 139 3.2106069865
2407 1848 9.66546934483
2408 1925 2.14040465767
2409 1940 32.7526356794
2410 1779 108.407559873
2411 1639 2.07406909724
2412 2430 57.5101308519
2413 2143 18.9140347885
2414 2098 21.5652340174
2415 136 28.5821288488
2416 2793 2.3665181046
2417 2813 12.8143078598
2418 2466 0.759720802307
2419 1617 2.05879431421
2420 746 11.4416197664
2421 745 18.1415656638
2422 2575 38.0972239798
2422 3122 283.200928204
2423 452 37.7717642844
2424 2141 45.7020963447
2425 3413 53.4600378758
2426 2222 89.250573832
2427 290 12.5619840405
2428 2890 51.3437226075
2428 2965 337.984327456
2429 1622 2.01003230875
2430 2467 40.3267484161
2431 739 11.487244832
2432 2835 7.18980517146
2433 943 1.76134022092
2434 2051 42.4242170474
2435 1608 8.19895920305
2436 2067 71.612123664
2437 3496 41.7712605376
2438 3120 2.07189387997
2439 1035 53.9433535199
2440 2754 32.1300772408
2441 1689 26.4930504395
2442 2446 22.354550623
2443 904 9.42118889656
2444 958 8.32611627873
2445 2441 18.3648852831
2446 1864 26.1352513755
2447 294 55.9498395185
2448 2449 11.3593504155
2449 2451 11.8778526909
2449 2939 41.0382206802
2450 2658 36.5621802624
2452 2956 35.6644212525
2453 960 15.1516214863
2454 2455 18.9240451155
2455 2456 19.9801696313
2456 2457 19.1040421526
2457 2458 47.5637708047
2458 2459 12.4393407036
2459 2460 13.4950720372
2460 963 57.6460843544
2461 1111 14.2523602264
2462 2461 15.1866981716
2463 1553 12.592100148
2463 2065 43.7084031221
2464 2382 91.2993012266
2464 2924 129.360907475
2465 1355 39.5022856499
2466 1505 51.7476150827
2467 3548 11.1603186262
2468 718 65.2664535544
2468 1046 3.65584801985
2469 327 14.2833319751
2470 989 19.7266996041
2471 2475 19.1375294944
2472 996 44.5085529714
2473 2070 11.1671851481
2473 2479 15.3720310268
2474 1000 2.45076204509
2475 1699 29.6315461925
2476 630 19.3442300888
2477 102 50.3481640828
2478 2481 16.3422769912
2479 2480 3.90166746667
2480 2485 19.4504661369
2481 2482 2.54286678487
2482 2483 1.73555053833
2483 2492 23.5563223548
2485 2488 3.4094983915
2486 2855 16.2140220742
2487 967 65.6791293658
2487 1179 3.99756827626
2488 2495 6.24029829719
2489 3001 4.3185633866
2490 740 36.2040044118
2491 2048 7.51905334734
2492 2049 8.94790988342
2493 1104 10.0743604785
2493 2234 1.18611372244
2494 1060 7.60076838007
2495 3520 38.9044095558
2496 3505 5.44125992814
2497 2498 6.11769863855
2498 2499 3.12952873709
2499 2505 7.9129352837
2500 2432 7.70798439004
2501 3402 5.70423351067
2502 2493 6.26481822778
2503 2506 8.89078261128
2503 3062 51.7161486876
2504 3171 5.69473963417
2505 3523 13.4448582643
2506 2365 89.8096255385
2507 234 27.8712457888
2508 1175 4.15791002944
2508 1410 15.8739498485
2509 2918 18.5223335981
2510 1756 75.4070138158
2511 700 7.81834469111
2511 1108 37.9128464714
2512 3143 1.32611545621
2513 1110 3.54182905424
2514 2549 22.8315535719
2516 1135 4.65619610152
2517 997 11.5849638066
2518 2519 3.5986636008
2519 1129 4.83110155823
2520 2525 30.4119710262
2520 2762 19.6923823274
2521 2516 3.89472705062
2522 3006 36.1242048836
2523 1139 56.014277094
2523 2571 8.79645479386
2524 1143 2.83785211975
2525 2831 35.3328883176
2526 2527 34.2504243528
2527 2506 40.2354029143
2528 2511 18.9816208249
2529 1817 2.73756565158
2530 2517 39.6249206684
2531 1175 46.6847892127
2532 2521 4.73113041641
2533 1095 1.36300560387
2534 2673 16.7494317052
2535 1184 1.4433445649
2537 1187 31.8480157087
2538 1543 5.95030433599
2539 2829 94.5553917283
2540 1344 25.3426963314
2541 2092 12.2047704524
2542 2399 109.084439376
2542 3469 3.74841578337
2543 2555 25.5969263205
2544 392 9.11318670071
2545 1257 7.45037375096
2545 1328 3.59113763174
2546 2545 39.0781099215
2546 2846 2.35122542033
2547 3128 10.9831562298
2548 618 2.93624964551
2548 984 14.3079350429
2549 2550 1.15919677822
2550 2553 3.7890956011
2551 2280 3.67920830879
2552 2688 82.4349584099
2552 3088 3.31834749583
2553 2540 8.8664047769
2554 1181 17.8759031625
2555 2559 11.7905970059
2556 1343 6.73984651635
2557 1214 15.6867858806
2558 536 193.746633007
2558 1897 14.3016305989
2559 2564 13.1371439784
2560 1228 22.9005735322
2561 1893 37.5387323788
2562 264 60.471073593
2563 1132 39.9429578895
2564 1272 12.9361848619
2565 1813 38.6639766858
2566 2653 27.5038342506
2567 2568 23.9598284235
2568 1552 30.3546848241
2568 2792 6.48827807923
2569 918 9.23166285551
2571 1718 8.94085197831
2572 2313 13.9288262132
2573 3558 19.9105379247
2573 3582 9.94915233144
2574 1646 16.6286575205
2575 2684 11.4128139321
2575 2981 76.0835823996
2577 1825 14.0493797073
2578 573 54.6601496629
2579 1867 15.5800659261
2580 1872 60.6921354148
2581 920 43.7481036851
2582 1444 41.4831211697
2583 1074 51.3392434139
2584 2665 51.5601903193
2585 417 30.4741808292
2585 3082 316.665893675
2586 2587 10.1261478362
2587 419 16.268716322
2587 427 8.05133811989
2588 2589 30.7938889627
2589 2590 49.6526731905
2590 1869 43.6958151579
2591 2539 17.0265830626
2592 2593 2.36461192781
2593 2594 2.36461192781
2594 2392 3.38694065301
2595 1485 2.36461192781
2596 2228 11.0437511548
2597 2796 41.9535134334
2598 2356 3.24552869015
2599 1123 129.874661405
2599 2690 36.1209593013
2601 1021 80.173719979
2601 2358 131.610871332
2602 2153 47.1715656687
2603 390 82.4229235503
2604 2605 13.6749744415
2605 1700 6.64687866343
2606 2059 57.545089658
2607 1103 29.4699520807
2608 3319 23.1749870167
2608 3407 7.24603006674
2609 2541 10.7633630676
2610 2627 56.5732218115
2611 2202 7.36760277647
2612 2799 43.4054921878
2613 1785 24.6554713321
2615 1724 104.265452712
2615 2921 61.5892422198
2616 2563 40.0264097686
2617 828 38.0553014952
2617 1942 48.2123514009
2618 2196 56.6769030931
2618 3022 39.1756074144
2619 2892 33.9971080025
2620 1944 60.8955143873
2620 2617 107.120254276
2621 232 18.6003155558
2622 1766 60.1746116314
2622 2129 50.7366101615
2623 2654 72.8793883461
2624 3173 113.341712501
2625 177 12.9883653445
2625 2626 27.2602774903
2626 1671 36.9758297874
2627 2960 23.6293322024
2628 2630 52.2649814136
2629 3503 12.1310249407
2630 2631 26.9620620678
2631 1683 19.5922921653
2632 2633 21.9991323083
2633 817 66.5422836252
2634 1679 20.7784854703
2635 2905 25.9239069727
2636 2639 20.3451507436
2637 990 12.4856537088
2638 3443 8.6015527504
2639 1697 15.1914480969
2640 2641 19.7070316747
2641 697 19.9216319762
2642 1447 9.31626510493
2643 704 32.9114019754
2644 2720 52.5876048994
2645 2444 4.15139802853
2646 310 19.890144975
2647 1006 43.1283770331
2648 1010 12.4175720221
2649 2681 47.0628488195
2650 2651 21.1706156221
2651 488 20.5212528433
2652 2291 4.41766377968
2653 2567 27.4582190163
2654 2450 9.19985896686
2654 2663 7.46307274551
2655 175 64.9945753083
2656 1993 54.4323188253
2657 2033 16.5124621673
2658 2570 82.0225836193
2659 2112 2.33003409937
2660 2666 11.0413010713
2661 1667 116.074121543
2662 1791 8.87301372034
2663 2670 55.4589681189
2664 2667 9.47749797768
2665 1053 33.2193296149
2666 2669 15.5316575557
2667 3314 4.81427165842
2668 2664 26.3229828249
2669 2053 14.9104280276
2670 1889 15.5676158849
2671 2189 16.6543987015
2672 2163 17.8640435085
2673 582 12.4581761263
2674 1846 13.2114169664
2675 2670 26.4072997738
2676 1771 102.341276281
2677 707 10.799331663
2678 2689 12.5813526708
2679 823 9.93282290108
2679 2658 68.9542109809
2680 854 19.8010773944
2680 2804 45.9454463465
2681 2547 25.5539068385
2682 2680 29.20497227
2683 2682 13.61482951
2684 331 171.224314311
2684 2227 103.519321027
2685 2686 9.68876752582
2685 2691 9.68178395831
2686 2674 21.082252264
2687 481 8.98813445069
2688 3374 55.1985002823
2689 2687 15.9343401702
2690 2281 21.6591224395
2691 2678 10.7188636187
2692 2693 11.0999538137
2694 2409 10.2996645343
2695 1974 110.099983329
2696 2748 44.9258200125
2696 3263 1.751069928
2697 3557 1.51647104145
2698 3451 9.4298001511
2699 2186 8.36286203793
2700 1650 78.3441933013
2701 378 18.1241584306
2702 159 48.9152316826
2702 524 1.7407390418
2703 1022 8.90649116765
2704 196 6.21713237668
2704 2710 16.0970747242
2705 781 203.98589754
2705 1009 61.5729133681
2706 1380 15.004786365
2707 3460 7.12554732184
2708 1021 104.909317846
2709 1993 54.6464537889
2710 187 3.49182425228
2710 1252 4.78043410908
2711 615 51.0366516576
2712 3483 1.58338464557
2713 1029 78.1411024186
2713 2947 246.180460299
2714 1259 3.99756827626
2715 1900 36.5310880789
2716 1155 13.2859535356
2717 2692 15.9501794785
2718 2717 18.3334301228
2719 1517 27.1390917346
2720 579 1.74591212614
2720 1711 27.8943716324
2721 3170 54.5380858658
2722 2721 28.7557710784
2723 2722 19.8183768791
2724 2725 14.0936015716
2725 563 24.2177763703
2726 3071 312.099822265
2727 2728 9.64819247091
2728 3165 9.33367327664
2729 1401 4.51259128173
2730 2732 10.969599562
2731 2798 35.7478962462
2732 2121 11.9580633484
2733 142 6.01512273644
2734 2072 41.5084403736
2735 334 43.0222300451
2736 2097 14.4951712862
2737 1979 289.951639431
2738 3102 7.78250440103
2739 2738 7.09256437275
2740 138 54.4396082763
2740 2862 84.3250520847
2741 3305 32.4305469882
2741 3400 14.961750797
2742 2115 7.06198184708
2743 2374 75.1040668174
2743 3203 2.09354435171
2744 2876 73.8186149066
2745 1391 2.08491114235
2745 2744 9.26871054778
2746 148 9.47844948594
2746 1033 20.5058658032
2747 1757 34.0822852024
2747 2349 16.0903503315
2748 2702 79.0179257192
2749 1160 11.3807659609
2750 1623 8.44548935749
2751 2750 8.27123672067
2752 1625 2.26527099598
2753 1725 109.4775865
2754 2102 83.214466252
2755 262 14.1121462129
2756 2755 6.81899678299
2757 2756 31.6123970409
2758 2757 11.9881920516
2759 184 7.12934322763
2760 2758 12.6457005214
2761 2760 11.0600711743
2762 2761 15.3881561031
2763 2942 13.9498528217
2764 581 99.6776239355
2764 1792 33.9614106145
2765 2672 17.0908160942
2766 2787 33.5177031078
2767 2395 119.59277495
2768 2769 27.1981771447
2769 1086 29.1467061552
2770 2771 25.6261523941
2771 501 15.4083618792
2772 961 22.2905161488
2773 1138 28.6819758086
2774 2775 25.7243261429
2775 2776 37.7965871234
2776 2777 34.2588491348
2777 2819 53.5737850964
2778 2247 19.8556559913
2779 497 1.43394156861
2780 2784 13.6012436713
2781 1262 2.98196463577
2782 1470 24.1555077912
2783 2083 82.6507406538
2784 1270 7.91806227157
2785 2171 6.88349601679
2786 2281 9.2023093222
2787 2767 37.5323654328
2788 465 117.429751292
2788 1141 25.3375358827
2790 1312 9.24581699017
2791 277 6.12800896017
2793 1471 2.36461192781
2794 1800 103.939464952
2795 566 19.2744064764
2796 924 65.8107459827
2797 3125 32.0557505859
2798 1651 255.028029815
2798 2422 35.8513063642
2799 546 23.4073079946
2800 1227 7.58057091374
2801 3167 14.8264215305
2802 2694 1.97837627826
2803 3160 12.389215554
2804 1834 13.0672806178
2805 617 32.0702360104
2805 1977 235.240246458
2806 1239 48.6902470619
2806 2674 22.797756407
2807 970 70.7821341388
2808 2183 40.4603710689
2809 3405 23.758742225
2810 2170 56.4103886777
2811 2417 10.974120312
2812 2810 95.6382016166
2813 2814 17.5862443442
2814 3013 7.75464331732
2815 736 8.40749583396
2816 1935 5.50797581673
2817 738 9.07401347754
2817 1137 13.1010542718
2818 1508 59.6613660565
2819 124 19.4664557763
2819 2820 47.3085401273
2820 1863 22.9257632261
2821 555 21.7559220765
2821 2836 33.5047855996
2822 521 45.9604596434
2823 548 12.9852404287
2823 803 7.25597999257
2824 2825 32.0994682009
2826 1464 50.2414745592
2827 1354 61.6535636008
2828 492 90.2641155144
2829 2538 7.82871920392
2829 2576 47.5163456931
2829 2843 77.4976314819
2830 1604 20.6500513311
2831 3380 23.6045112678
2832 2833 26.469211355
2833 2061 9.48795932026
2834 2890 266.738693182
2835 1935 19.373113215
2836 617 195.460601275
2836 2834 88.5865587377
2837 2085 48.91053009
2837 2901 98.4771148154
2838 519 1.7407390418
2838 741 40.702711121
2839 2520 26.1597395446
2840 397 26.7995147373
2841 2421 17.3962481945
2842 540 1.7407390418
2842 1445 21.8002311143
2843 2844 123.485891852
2844 2588 21.2637017473
2845 2850 26.8709284827
2846 1265 6.41699919476
2846 2856 38.4152318483
2847 1068 4.44209344306
2848 1240 11.558466041
2849 2827 145.050665344
2850 1675 18.4227399386
2850 3272 26.6740383645
2851 762 59.7770419391
2852 343 38.6567452614
2852 676 41.6787533637
2852 2397 44.7451931585
2853 204 5.11490881261
2854 453 44.6396583262
2855 463 26.3061898517
2856 2545 2.05879431421
2857 1070 7.3449228023
2859 1477 32.0889308175
2860 483 6.80840827228
2861 2267 41.2986832854
2862 289 45.8981174506
2863 2854 39.3150927482
2864 410 60.1933424688
2865 2866 100.33493168
2866 3044 33.8299757774
2867 102 39.6249206684
2867 1221 3.37360093732
2868 1271 29.8232753028
2869 2504 5.21357535691
2870 3247 96.5402336948
2871 1271 75.3448581251
2872 613 7.20984647911
2873 368 49.5209080737
2873 3040 33.2348003495
2874 1291 7.08620389764
2875 1490 34.9103643679
2876 2368 112.376741872
2877 2878 42.1086434455
2877 3474 59.7505589516
2878 1805 56.9147641791
2879 2880 19.7837627826
2880 2881 28.8517353255
2881 2882 30.6856324716
2882 2192 36.3610939807
2883 1687 15.8637203222
2883 2884 16.53047547
2884 2885 15.9750380901
2885 3219 25.5281310059
2886 2887 9.30076382114
2887 408 11.9735137794
2888 2889 29.682329178
2889 2955 13.4368066467
2889 3206 20.0333600247
2890 2893 15.265178331
2891 2796 157.738946882
2892 570 199.7356054
2892 2897 75.1841163974
2893 2724 15.315606772
2894 2896 21.7297913184
2895 2671 16.574606941
2896 2898 27.2556455525
2897 2930 41.8245535758
2898 2899 14.3409879043
2899 2900 11.388687425
2899 3389 26.800692505
2900 2902 23.9726224528
2901 485 59.439201722
2901 2153 47.4283891478
2902 3129 19.5309760585
2903 2652 3.50600038246
2904 2197 22.3642307118
2905 2619 17.9810342486
2905 2649 13.3894056124
2906 2907 18.2060753872
2907 2910 11.933149903
2908 3511 22.0032313473
2909 1082 3.15106738588
2910 2912 12.6649411239
2911 2892 75.0116096392
2912 2914 12.6057004647
2913 2447 64.21073525
2914 2916 39.3966698774
2915 3151 5.27548013567
2916 2919 30.6120704142
2917 1190 5.32821073333
2917 2194 20.9328587349
2918 2911 21.6216159942
2919 2922 11.2147310188
2920 2403 43.6881780681
2920 2723 175.542930093
2921 1753 47.0747280069
2922 2923 9.99752958152
2923 3236 15.8892817895
2924 307 27.6604500543
2924 2891 137.497233329
2925 1729 316.919868418
2926 1106 67.2961591524
2927 729 30.9322484487
2927 2509 55.8766935341
2928 2177 4.48251368852
2929 3048 11.0502820549
2930 2566 201.27655302
2930 2937 62.4275462413
2931 2949 44.5348859197
2931 3047 15.4609483037
2932 380 37.5216713384
2932 2366 70.1265666245
2933 2935 49.9561560983
2934 3304 98.7367634105
2935 1028 6.38671188827
2936 1123 44.4000183718
2938 2940 16.7203312903
2939 2628 9.05411430122
2940 1001 12.4465884702
2940 2944 17.2698153809
2941 706 9.41448580863
2942 1246 23.081794606
2943 2183 9.27940727442
2944 990 7.63332760547
2944 1007 29.151346981
2945 1498 7.99851978276
2946 1669 117.767407448
2947 2954 23.6268512823
2948 658 35.5123767009
2950 3099 26.9807866531
2951 1012 29.0979327971
2951 2952 62.4729628288
2953 1510 38.6397110774
2954 1839 31.0490860642
2955 2200 8.2625094835
2956 3072 28.5672953345
2957 917 129.873654535
2957 1721 19.4360874146
2958 1169 7.32032486717
2959 174 157.950058942
2960 1868 10.8022540685
2961 2964 9.84069408066
2962 1121 6.90377338067
2962 3150 40.5130511832
2963 376 63.3271266237
2964 2970 13.9950336043
2965 485 54.1849758481
2966 2901 51.5456707814
2966 2965 57.7878046397
2967 2968 14.0795169294
2968 2969 17.2580617866
2969 2971 17.4983344208
2970 3600 14.3752195263
2971 2973 15.0357076986
2972 1340 1.85121060489
2973 2974 15.4796026483
2974 2975 14.6529641866
2975 2976 7.87351746395
2976 2977 14.515998809
2977 2978 12.1711030766
2978 3152 12.8904411203
2979 937 111.228742788
2980 2684 75.9910708777
2980 2981 10.6746010884
2981 248 236.320189372
2982 1704 29.3517446187
2984 167 75.6671049525
2985 487 1.53714443416
2986 2701 100.77819757
2986 3207 9.1373996293
2987 430 40.4818746169
2988 1390 46.6479747123
2989 3278 4.3070625316
2990 1176 36.9003880148
2991 1092 44.0014415532
2991 2828 78.4265703079
2991 3125 36.2328883385
2992 1603 2.05440923082
2993 510 11.1776787286
2994 2287 2.44707945542
2995 3166 7.08365810848
2996 2584 50.5007224324
2997 2998 76.5600133793
2998 225 52.3134457502
2999 2332 2.10214210596
3000 2340 3.18947043688
3001 161 31.4327309282
3001 1638 3.0373990171
3002 2325 2.09354435171
3003 2336 2.10642782317
3004 2343 2.09138939041
3005 1933 32.6284938467
3005 2351 2.09569709711
3006 2523 71.5360823833
3006 2574 7.94535033271
3007 2347 2.11070483838
3007 3009 46.6869140978
3008 259 2.09354435171
3009 518 51.9815746313
3010 77 26.3113316961
3011 810 10.6029714618
3012 972 9.06108398391
3013 811 13.6045585415
3013 2897 84.4035686154
3014 2294 43.1889749851
3015 3014 54.5460225264
3016 825 54.0912741678
3016 3015 15.9306609356
3017 1428 57.4124314031
3018 696 10.5329953525
3018 2151 16.1250628434
3019 3036 1.67472778529
3020 1733 22.789843404
3021 3161 1.70408779933
3022 3000 25.1759627326
3023 2271 17.4658350172
3024 2629 11.5475375234
3025 3026 80.6804400447
3026 1988 36.5215824098
3027 3504 8.0737092053
3028 2830 11.4754626366
3029 972 38.5111291037
3030 3148 4.79644269911
3031 2963 18.2496140829
3032 2712 3.87150247234
3033 1880 13.2706719757
3034 3275 33.6776828031
3035 1665 11.823059639
3036 239 3.14246964165
3037 2339 3.17955862909
3038 2350 3.18097649254
3038 2991 88.3352070534
3039 1559 21.7882310241
3039 3042 14.7877463589
3040 1619 38.4189878291
3041 2942 39.579717596
3041 3043 36.9154154139
3042 3061 37.1795341374
3043 2865 34.2513459143
3043 3044 100.800387981
3044 3455 33.509091989
3045 1492 38.5880959945
3046 3045 62.8610863243
3047 2933 16.1043563145
3048 2931 22.2759463889
3048 3050 11.8245850967
3050 3049 7.06772615068
3051 3052 76.8861990455
3052 3053 12.2280243344
3053 3054 79.4223968671
3054 600 19.4555657098
3054 3055 21.553730718
3055 3074 5.06619006714
3056 631 3.85983778035
3057 597 14.4043620083
3058 1655 3.39226185134
3059 1657 3.38960229637
3059 1997 39.6519950331
3061 1202 7.74184014514
3062 3232 4.74160279758
3063 3064 14.4696400872
3064 3065 14.0971205333
3065 3066 100.508031185
3066 3067 7.7371791934
3067 3068 9.31336057949
3068 3051 11.4215027906
3069 3077 3.34136834212
3070 2729 312.197965825
3070 3195 4.94274873618
3071 3217 2.54818103682
3072 1467 89.987387692
3072 3514 4.08460340849
3073 3074 29.1887559929
3074 3056 17.63591659
3075 2360 14.9394319675
3076 3412 36.7835029875
3077 3080 3.67675632031
3078 3079 31.6169611841
3079 953 24.4313293718
3079 1871 17.1700472981
3080 3518 3.87266700913
3081 3083 13.6650786631
3082 1205 101.970852049
3083 3084 34.9095893713
3084 1084 57.3749554858
3085 3041 134.687766714
3085 3455 37.9936365639
3086 349 11.040484256
3087 3519 4.62900073106
3088 2903 3.08892145394
3089 802 9.45892443549
3090 1772 157.176048676
3091 502 29.5890588639
3092 578 1.7407390418
3092 2716 65.6037031248
3093 3094 7.31539535491
3094 3095 5.62623139032
3095 1583 17.2883436911
3095 3096 54.7089648629
3096 3097 5.33074898392
3097 2024 5.02687512321
3098 3104 11.875194986
3099 1405 2.0032909852
3100 2296 45.2867046768
3100 3213 2.01003230875
3101 137 2.01003230875
3102 409 2.33776226022
3103 731 113.483572986
3104 949 7.05814971412
3105 3110 2.08707279263
3106 1426 1.992004749
3107 3017 13.245503965
3107 3105 1.98747230911
3108 3218 1.98747230911
3109 1388 1.98747230911
3110 3216 1.98747230911
3111 1404 1.98747230911
3111 3270 8.09824602144
3112 3214 1.98292950932
3113 1054 1.98747230911
3114 2316 3.71093672899
3115 35 10.9617866023
3116 90 131.370410065
3116 2005 54.1007766609
3117 1279 58.3867030387
3117 3118 33.2891622116
3118 227 28.149103874
3119 1535 19.7330988858
3120 2972 2.06098335716
3121 3545 19.791966329
3122 248 47.1649694168
3123 2362 3.23996651179
3124 66 3.35483622558
3125 2988 38.5368798206
3126 345 143.840186286
3127 3126 9.72175500919
3128 2918 9.73751226177
3129 2915 10.7402967445
3130 2398 1.992004749
3131 3132 11.1194359767
3132 3134 3.9499089321
3133 3149 11.6036316803
3134 1102 3.6902220952
3135 35 20.9640701798
3135 1116 40.4892255413
3136 3137 35.6429210409
3137 3570 47.1441230205
3138 3183 34.0199134658
3139 3222 2.09354435171
3140 1419 2.10214210596
3141 3208 2.09784763344
3142 3106 88.8873338707
3142 3198 2.09354435171
3143 1107 2.81071029438
3143 3534 5.03941769336
3144 1124 163.887808518
3145 1620 2.05879431421
3145 3163 79.4096783093
3146 3135 34.2053692527
3147 2010 1.73295046116
3148 70 2.81712013234
3149 3540 8.69954960496
3150 3376 142.814408335
3151 3174 22.0617642908
3152 1251 90.2371355355
3153 3154 7.76394145414
3154 3155 61.0556914833
3155 3156 23.433107544
3156 3159 10.365126389
3157 1538 15.0243072362
3158 585 11.863417993
3159 2803 11.9085629922
3160 2385 8.66006738937
3161 1634 2.05879431421
3162 2800 6.39870307472
3163 1631 2.06317007752
3164 1629 2.05660294124
3164 3141 88.4650754585
3165 2730 2.84895300865
3166 2801 8.31582005888
3167 3168 24.2140522201
3168 3156 13.2930789182
3169 1658 3.39491932284
3170 2966 125.843772225
3171 954 7.7929266272
3172 3179 9.74491862318
3173 3031 35.8623728245
3174 1588 30.0531160251
3175 1177 3.4528662732
3175 3196 5.54713253589
3176 2406 4.04466607705
3176 3189 35.1060172156
3177 2188 35.0959970917
3178 3176 88.0418161815
3179 3184 17.9993314787
3180 3175 40.7292904611
3181 1072 8.900413725
3182 3205 49.5022380356
3183 1174 3.61616328386
3183 3187 75.1545427896
3184 3227 28.4102822833
3185 1514 30.6684347638
3185 2679 70.6276079311
3186 3199 5.253209784
3187 2028 46.9241001575
3188 3201 44.6004480674
3189 2021 30.9987965784
3189 2697 6.40081683453
3190 764 61.739221202
3191 3178 13.8369072011
3192 2849 67.0965901032
3193 983 48.0041771852
3194 2001 29.9641603857
3194 3182 12.3198689803
3195 3071 4.75679419509
3196 484 70.8477836844
3197 1341 41.5629383481
3198 2743 2.8710260238
3199 1172 5.77494010954
3199 3194 13.4562564756
3200 3109 1.17080838802
3201 2699 11.4049092256
3203 3139 2.37032585944
3204 2871 51.8124922446
3205 3191 38.6112262146
3206 3202 56.7845244549
3207 2276 47.3448409867
3208 2745 2.25529617431
3209 300 7.80333493334
3210 3209 8.76667277048
3211 512 8.27232697794
3212 3100 2.34354165658
3213 2114 2.15719240235
3214 3113 2.64201033138
3215 2372 1.01394980699
3216 3106 2.14461391377
3217 1714 2.94544940585
3218 3200 1.98292950932
3219 1442 20.0227782907
3219 3221 9.29154769785
3221 3223 7.87695293097
3222 2128 2.55171772282
3223 3225 4.21499578142
3224 3230 4.10552481905
3225 3226 3.67184743117
3226 1438 3.18097649254
3227 3179 33.2822532871
3228 1793 7.92944370948
3229 1713 4.84787303164
3230 3554 4.30392060107
3231 304 41.7008180913
3231 2204 106.202660745
3232 1654 3.39757471576
3233 3031 79.2193379517
3233 3574 106.043067433
3234 3245 17.050665749
3235 1115 48.4171161055
3235 2962 47.0754943031
3236 998 23.081794606
3237 3242 15.8520619883
3238 3248 41.027121532
3239 569 8.79594216501
3240 1835 34.4342458423
3241 1158 26.6354675996
3242 1833 30.5095245408
3243 3244 154.178318988
3244 1065 64.8763867159
3245 1577 44.357343427
3246 3238 44.2207107925
3247 2618 101.104967652
3248 747 3.77000683685
3249 1118 97.3250051547
3250 1982 6.14123965342
3251 3252 8.51408599044
3251 3254 20.3746067944
3253 3254 8.51302669514
3254 23 3.50728628031
3255 3256 10.6720662561
3256 3257 8.12714856994
3257 3258 27.8827302484
3258 3262 23.3872648475
3259 490 21.4948632425
3260 3273 12.2501298499
3261 3264 9.01368391877
3262 3268 3.46590092232
3263 2790 45.0373927966
3264 3274 8.17693079355
3265 211 38.4009088016
3267 3449 10.1056432239
3268 1787 27.7970489123
3268 3097 20.2295725669
3269 3267 60.0278598048
3270 2726 9.74075323781
3271 1663 12.1191244842
3272 937 28.9945418736
3273 3269 12.0129913471
3274 478 7.79697595282
3275 764 66.2769320279
3276 73 1.27409051841
3277 3560 15.6098477379
3278 2418 3.41082067132
3279 2427 66.8263547081
3280 3258 22.2490077144
3281 53 148.123609367
3281 3090 55.8050677437
3282 2713 29.0410046516
3283 3284 54.0582525288
3284 1399 5.04388962404
3285 3107 1.06174209867
3287 2312 9.15022128763
3288 572 2.38927360984
3290 2814 70.2814887124
3290 3291 64.5601360798
3292 3293 21.1190085045
3293 3294 17.8036136775
3293 3316 34.9480600952
3294 3295 27.1659948495
3295 3296 23.0399503254
3296 3321 4.83016810222
3297 3298 25.0840924479
3298 3299 32.2979084378
3299 3300 33.19189885
3300 3301 26.6305576643
3301 1384 22.9320563262
3302 3037 91.6250335708
3303 2741 30.1226543755
3304 1797 1.73034647703
3305 3306 20.2594192379
3306 3307 27.312993043
3307 3308 30.9816271622
3308 3309 21.0529295775
3309 3310 23.8258333578
3310 3311 17.7282318353
3311 3312 18.7766921327
3312 3313 13.0955461554
3313 2667 8.38816576304
3314 1827 32.0032387972
3315 2602 61.6818613044
3316 2557 16.295856254
3317 3318 27.8919467448
3317 3320 25.3028089825
3318 819 21.1147378105
3319 2569 6.40152126604
3320 3321 12.7352413007
3321 3297 14.1246021953
3321 3322 20.0266063718
3322 3323 18.3771578318
3323 3342 19.7915106656
3324 3325 16.8069448052
3325 3326 11.984430106
3326 3327 10.3942328177
3327 3328 12.7359494238
3328 3329 14.658502315
3329 3330 14.2181499512
3330 3331 11.4793913787
3331 3332 12.0706582309
3332 3333 9.98082752246
3333 3334 28.6950215371
3333 3344 8.43106129085
3334 1962 4.46739895394
3334 3335 18.7728493714
3335 3336 11.0853197219
3336 3337 9.91919450742
3337 3338 10.0636125802
3338 3339 14.2276610567
3339 3340 17.4032453077
3340 3341 18.6150976189
3341 3323 11.3565713695
3342 3343 20.3078820307
3343 3324 16.3494493756
3344 3345 9.92101270825
3345 3346 10.956437683
3346 3347 12.099761279
3347 3348 14.1124657344
3348 3349 10.6851564169
3349 3350 11.5654860635
3350 3351 12.045977656
3351 3352 10.195378157
3351 3365 12.5195557166
3352 3353 12.7292206632
3353 3354 18.4134366368
3354 3355 16.7432386332
3355 3356 12.1829527599
3356 3357 10.8949433009
3357 3358 12.4675831668
3358 3359 10.3799070154
3359 3360 7.60729137344
3360 3361 11.3303354246
3361 3362 13.2591142275
3362 3363 10.5137131611
3363 3364 5.90924104232
3364 3336 8.01991376422
3365 3366 6.45832505466
3366 3367 13.3093511825
3367 3348 14.3123465014
3368 2046 6.44224650222
3369 2711 48.609146104
3369 3467 21.9933923702
3370 370 10.3114783381
3371 451 35.293814976
3373 323 11.1202469928
3373 1883 9.2939738795
3374 2289 2.44707945542
3375 1877 5.48500530811
3376 3136 47.7967944272
3377 1189 8.83991959317
3378 2568 7.74300494469
3379 1165 5.206651615
3379 1443 8.2209285865
3380 2320 55.850944667
3380 2832 4.40846775398
3381 1806 3.9499089321
3381 2700 81.9057887057
3382 577 4.72636257239
3383 1902 76.6446610345
3384 661 21.8423859542
3386 2238 22.7312015692
3388 1526 13.1980991745
3389 2068 17.3458896402
3389 2961 13.9025793178
3390 2364 54.4776135788
3391 2239 15.627170205
3392 2108 5.84016064605
3393 1154 41.2018320593
3394 3027 10.9411995229
3395 1552 6.42121397301
3396 1528 104.911123064
3397 2240 9.88549747235
3398 2386 85.3779032358
3398 2839 49.6229679472
3399 3397 31.7200494104
3400 2110 10.1962626734
3401 2426 24.040242107
3402 1339 5.48007052951
3403 93 58.5092922713
3404 2248 13.1991240971
3405 1538 8.05581730695
3406 1811 5.83475344636
3407 1576 11.4286069431
3408 2064 8.76770142085
3409 3527 13.5985911933
3410 1285 95.4039173032
3410 2307 47.4487305245
3410 3411 132.400627542
3411 2036 8.38709056394
3413 2105 49.1073339502
3413 3414 23.1971575293
3414 3415 3.2566245471
3415 3417 148.246909203
3416 3142 1.48946939784
3417 668 25.4793328495
3418 683 13.488387668
3418 1998 88.0746909745
3419 2119 87.84667028
3420 3421 3.24969407628
3421 3422 6.34918224021
3422 782 4.55733548669
3423 3424 8.66058806079
3424 3425 5.79209266283
3425 3426 3.67920830879
3426 3428 8.0075347417
3427 2921 53.2572207407
3428 750 4.57215291655
3429 2257 10.7112887465
3430 3418 9.27308797279
3430 3437 1.50752423156
3432 2295 3.91551139236
3433 944 3.17103813508
3434 2361 1.17848590234
3434 3596 92.3955768025
3435 2609 29.647976554
3436 3446 5.1298737271
3437 2279 11.9127274212
3439 1046 23.2910499688
3440 1857 17.5780374981
3441 1735 17.7328095538
3442 1580 34.34337718
3442 3395 13.7689571092
3443 2078 2.54463943533
3444 208 21.0578552164
3444 3463 11.5943015006
3445 2638 8.53101682693
3446 518 16.9804397576
3447 179 9.74584402261
3447 3466 15.5708017267
3449 1672 18.9996664518
3449 2850 55.1873075688
3450 477 32.7093774885
3451 1880 12.5253171323
3452 2436 19.8942252373
3453 3389 26.9854657693
3454 3440 8.34288809498
3455 1499 78.2980197136
3455 3456 7.4206582515
3456 19 38.1060999413
3457 2082 65.6410149125
3458 2469 32.4977732955
3459 3462 52.7061439826
3460 3445 9.88914593067
3461 2029 3.02847858956
3462 3465 8.47799569911
3463 2402 14.0362144818
3464 3461 4.65425884489
3465 3464 9.50410420041
3466 3444 13.8329960763
3467 634 5.78118328986
3468 3470 20.4503765987
3469 2144 7.40240621538
3469 2527 44.4240811404
3470 3283 6.4827159024
3470 3471 42.595208709
3471 3472 5.05549813105
3472 3473 3.65214589433
3473 2711 48.0660392921
3474 3381 39.3233498123
3475 400 9.73565979105
3475 1746 120.927381894
3476 1145 5.88170624618
3477 87 2.87416547364
3478 1307 4.91071503036
3479 1402 55.1873075688
3479 3480 114.421045039
3480 3231 54.5984085868
3481 1542 7.99231609999
3482 1342 5.13514504933
3483 3484 24.6265581051
3484 2089 10.4020385758
3485 351 18.9145115909
3486 312 25.5782464178
3486 1217 18.8846883066
3487 2276 45.1023244658
3488 2117 20.4199257573
3489 2430 47.0500082613
3490 3492 16.1953783844
3491 1147 39.510960096
3492 557 9.49698484247
3493 2273 11.719632215
3494 861 32.6851058208
3495 3474 41.5453591649
3496 430 8.70576727075
3497 95 38.4443311008
3498 3506 3.73877973714
3499 3500 12.1031148198
3500 3501 12.1629497226
3501 3502 18.2486257207
3502 1499 39.5958918773
3503 2742 8.71818929933
3504 1908 19.9788154873
3505 2497 6.69958422946
3506 565 4.03238410892
3507 1871 22.9487639933
3508 3509 6.16761589357
3509 3069 4.2469683947
3510 434 3.76282358453
3511 193 8.23517725683
3511 3525 14.1720896252
3512 1944 44.4237766299
3512 3513 197.549002856
3513 3515 3.10638957503
3514 3517 57.860482941
3515 3516 21.7341486265
3516 1504 43.2761703229
3517 1818 65.1534645475
3518 3524 4.60360403826
3519 3520 2.31060061488
3520 996 10.2306991641
3520 2514 18.6170353796
3521 2412 32.2455113249
3522 3087 5.18495533088
3524 3529 6.42332032503
3525 3528 10.8468271204
3526 3522 6.66517006263
3527 3121 5.43628543989
3528 3533 12.176288732
3529 3532 4.09562799914
3530 3133 8.6631909485
3531 3526 7.9038124269
3532 3536 1.4924937043
3533 3535 8.77695384915
3534 3530 7.84597957441
3535 3537 7.74242256682
3536 3540 2.38171259844
3537 3539 6.49522410207
3538 3531 6.12948044751
3539 3542 15.2172498663
3540 3541 4.56623171452
3540 3544 5.56336649666
3541 130 9.5306361481
3542 3543 16.4911483513
3543 3549 21.9882661594
3544 3546 5.94878852796
3546 3547 3.93618598756
3547 214 5.10520225734
3548 2859 23.2441511577
3549 185 36.7543156637
3550 3224 3.94076561213
3551 3552 11.5154729165
3552 3553 10.0685401244
3553 2976 37.461174298
3555 3563 16.5173768345
3556 330 8.64443266388
3556 344 2.85527699647
3557 1071 3.05663730308
3558 831 16.162490938
3558 3277 10.0886731981
3559 2994 2.30864826927
3560 3566 29.4907540425
3561 561 36.9475266637
3561 3569 11.8074123349
3562 3558 4.72731652589
3563 3521 50.5942113116
3564 3562 2.72601120775
3565 3564 4.69477336478
3567 3548 38.6268721412
3568 3565 10.9921847198
3569 3572 8.0703574958
3570 3144 45.1321077124
3571 3271 101.302482296
3572 3573 5.45367629766
3573 611 16.5149196837
3574 3390 24.5603691429
3575 3495 43.7030382036
3576 2572 1.81181863863
3576 3578 33.5510503182
3577 813 48.0853607401
3578 3580 35.7136963598
3579 3583 8.65016867774
3580 3581 2.01898572637
3581 3592 22.8980136538
3582 3588 11.1994416715
3583 3584 10.3031663328
3583 3586 4.52257269468
3584 3382 13.8518896156
3585 2788 10.3951004136
3586 3599 18.455508892
3587 2967 9.76248621217
3588 3595 8.01372664324
3589 3607 24.4805588118
3590 3594 40.6051046884
3591 3590 2.34161677604
3592 3614 17.7709113501
3593 3591 6.67868694948
3594 2795 66.7821432049
3595 3605 8.36609656214
3596 1452 27.3162947043
3597 3593 7.90210071872
3598 3601 7.96349042558
3599 3608 7.84597957441
3600 2983 11.7019201083
3601 3 20.3225314617
3601 3603 13.129933973
3602 898 5.84324822789
3603 3609 11.038850444
3604 941 124.864337671
3604 2966 51.1781718933
3605 2577 6.76722130902
3606 3597 9.2076978086
3607 3612 8.42249966255
3608 1 12.2412924339
3608 3617 5.39381706216
3609 3611 7.88324739874
3610 527 301.598364144
3611 3614 3.89472705062
3612 3616 5.53899771331
3613 3606 8.47693189388
3614 0 13.5670533745
3615 3613 5.28231366202
3616 3615 4.18816549107
3617 3618 2.68097764023
3618 2 4.18493429695
