0 0 0.0
0 1 7.86320205706
1 2 4.25863154295
2 3 7.86434888155
3 4 6.59990366729
4 1608 121.885551268
6 7 35.4733739483
7 8 37.8978576295
8 81 44.491934942
9 557 4.98272750218
10 1152 35.0086494804
10 11 68.5465172156
13 1628 6.48758306791
14 812 28.0119681689
14 1411 62.0061021721
15 926 30.9061434963
15 12 66.9718772694
16 1435 7.1829030573
16 1628 13.0216511192
17 1411 88.8538970255
20 858 105.212759914
20 90 108.431224701
21 22 14.0156391678
21 1352 22.5221503051
22 153 116.536959786
22 1284 4.83016810222
23 31 60.6562398139
23 1313 47.9850109898
24 828 3.41610467243
25 86 111.110952993
25 23 13.2971488511
26 151 13.8316921223
26 1309 44.4206298985
27 1289 4.86458668293
27 1715 82.9565675403
28 176 1.25985442334
28 1288 5.22394376362
29 914 11.040484256
29 477 10.2104045147
30 282 32.2965122846
30 1292 5.17189387257
31 827 23.1379889548
32 747 7.60314102517
32 794 80.7410014749
33 35 26.5461005256
34 776 6.68678396634
37 51 146.117470701
38 165 52.8468624362
38 40 18.3038918166
39 767 9.65286494562
39 333 58.3815284223
40 41 53.0388374302
40 1149 27.8306078065
41 165 18.3152204646
41 42 12.1711030766
44 1749 109.566681519
44 1150 11.7588117181
45 46 35.8513063642
47 299 15.4317557466
47 48 39.9400226256
48 1480 22.3773324906
50 1316 50.8529023334
51 293 47.9661191599
52 228 56.4668747015
53 298 6.7016030887
54 694 23.5957222216
55 56 7.55793340192
56 57 6.86447264364
57 60 9.84985418139
58 1439 16.3168724697
58 116 38.0115534181
59 62 3.28694502339
60 61 10.5936112669
61 696 29.2866888114
62 816 2.71938662637
63 1534 23.7082041838
64 1459 7.75115364041
65 1674 12.6702805504
65 759 19.5660373627
66 1053 32.6668902352
66 1120 61.5489614336
67 72 37.8621460277
68 373 13.2761074345
68 360 63.9279493617
69 1243 97.3515956361
70 361 2.82830239401
71 761 96.0274678711
73 990 10.0725699585
74 1129 22.6932812977
75 76 7.73426467218
76 985 10.0868852188
77 341 12.523156912
78 1813 3.10929138751
79 598 12.5842195622
79 277 12.4117605923
80 1786 42.5165870482
81 805 38.5362947681
82 616 11.3775958311
83 1058 31.154632384
84 183 10.5586501653
85 151 12.9946129218
86 21 9.84710704588
87 22 9.5674687493
88 182 9.4298001511
89 541 14.7137689519
90 26 8.45776051941
91 1584 9.49935855463
92 1154 9.13345088251
93 1248 22.1539555607
94 1140 10.1550511603
95 213 103.941373778
96 682 82.0011405968
96 1112 16.2692706507
97 1808 44.8420336625
97 152 10.2571100999
98 191 33.1215889087
99 63 52.4046473166
100 96 108.947115265
102 1601 4.24271930069
103 699 17.6072569271
104 304 34.0760663988
105 186 20.5067453737
106 103 10.8001667167
107 1048 60.5631690646
108 789 26.2897291916
108 304 13.0230361802
109 107 31.4622687975
110 1555 123.521015049
111 1807 4.46638948631
112 110 10.077940564
114 1245 68.7427953517
115 1121 89.7662351191
116 117 22.5541613368
117 118 2.00554061082
118 119 1.95545109774
119 120 1.83162052333
120 121 0.838709056394
121 1477 8.63973672908
123 122 56.7107853055
124 1754 7.66045268669
125 1449 10.6965444724
126 966 9.64351773229
127 1382 8.55740419841
128 1391 11.4754626366
129 202 12.4816804342
129 1531 9.7970666433
130 129 3.11508690304
131 622 70.9347981144
131 132 3.75322452913
132 133 4.2554538545
133 671 2.63346287989
134 468 10.286960522
134 129 12.1384568013
135 763 5.09989998595
136 292 4.76721019963
137 705 1.58338464557
138 636 6.66246339447
139 615 3.17245980659
140 614 7.06198184708
141 642 4.52356962464
142 386 4.02230733154
143 205 48.7323662203
143 1508 29.731205503
144 773 3.05958630262
145 19 1.20122406055
145 1293 4.67166523417
146 1241 91.6267068133
147 148 5.83243454048
148 149 2.86788313722
149 1215 18.6750747037
150 1444 7.15081529944
151 23 120.907468264
151 718 4.83576613551
152 748 30.0312021198
153 1282 5.23601428849
153 375 16.3943432086
154 34 6.65162570792
155 156 4.00545636792
155 231 10.9114858906
156 157 2.73591800433
157 149 10.5466856853
158 159 24.6318675062
159 1197 35.9274449468
160 287 5.47513130315
161 536 6.20697009863
162 274 13.5567462095
162 1112 111.31360065
163 1713 1.86576818638
164 1122 82.1247733166
165 43 8.26905577489
166 286 1.03594693998
167 476 19.493076029
168 1665 237.342238173
169 101 53.401722405
170 1705 11.6764601564
170 128 59.9972037487
171 577 1.51349464792
172 1661 9.28329393732
173 1714 1.42130747592
174 1536 3.08600048737
175 27 1.20870839502
176 25 117.61986445
177 30 1.22353972771
179 967 4.37045858438
180 1796 6.21205331571
181 706 5.05014367434
181 688 36.5981746766
182 1709 7.14829252099
182 719 1.87059553775
183 721 2.95003852742
183 1379 19.4551021675
184 531 28.5148428682
185 1404 16.45282353
185 223 5.624628247
185 1688 16.4955226613
186 573 10.3820788622
187 1170 53.9364986128
187 1539 60.6116937939
188 190 38.7336556316
189 1811 99.0419982603
191 97 74.2076762828
192 1466 16.202059187
193 1467 15.255722914
194 1691 11.7733746688
195 79 3.45025343418
196 362 2.31060061488
197 469 3.02400850802
198 197 4.49757762822
199 1736 100.734607821
199 198 3.59741036601
200 199 13.881805934
201 200 12.1818423417
201 597 13.1875036432
202 621 9.89096965515
203 382 12.403038342
203 457 8.71456803675
204 1161 8.89585291828
205 1510 8.71870649978
205 1167 25.4169615832
206 709 7.75115364041
206 714 28.7924411774
207 710 16.4676165277
208 392 8.96703905156
209 836 8.53841351102
210 826 27.7645863318
210 391 13.7483098069
211 1718 9.64071180107
212 1137 8.56793639218
213 281 7.12934322763
214 276 9.04614237425
215 274 10.981924497
216 278 10.9864401756
217 575 5.50306163658
218 1723 9.64351773229
219 1726 10.9259401106
220 162 11.6133426467
221 580 7.08874877252
222 815 34.7078928712
223 235 5.2703491763
224 284 60.2875077223
225 1181 14.4780516732
226 769 12.7136245972
227 515 49.524823335
228 765 9.35153124013
229 753 4.36632966651
230 1128 8.05021793371
231 1821 12.1510805324
232 767 13.5010851399
233 39 11.9195388031
234 388 10.9222251381
234 482 74.5498417242
235 1253 41.2664612231
236 160 5.92600488037
237 238 2.36270421315
238 239 2.36079495691
239 978 2.36842274725
240 241 2.57983667338
241 242 2.58681865279
242 1641 2.57983667338
243 1291 24.2060433569
244 243 11.0331301969
245 1685 29.8833910585
246 247 14.1860823569
247 248 14.1364092638
248 249 13.3755908083
249 250 14.3651783345
250 251 13.3452154777
251 252 9.89552749589
252 253 11.5557348805
253 254 12.9960008644
254 255 9.57971481287
255 256 11.682637361
256 257 9.40298368362
257 258 9.8571761331
258 210 12.080740297
259 219 34.6415712508
260 288 58.0541317201
261 1713 123.946664834
262 214 20.7206798138
263 218 25.2667851459
264 265 142.75077307
265 216 57.7796109038
266 206 11.7772040313
267 1716 37.288527618
268 221 33.0661333563
269 1279 197.399438207
270 1305 13.7433892106
270 107 20.078326323
271 37 36.9542384163
273 211 12.2894526712
274 260 11.2195549051
274 1726 12.5202760386
275 1049 15.4691123475
276 167 1.0993005124
276 281 13.0275366115
277 279 11.0531381103
278 174 3.57855917757
278 1450 7.48479232408
279 1456 2.09354435171
280 1758 12.6300013217
280 283 9.70690128775
281 264 10.372519335
281 1723 12.4834866249
282 290 36.5520658674
283 131 13.7519171253
284 1180 8.52308468498
285 1432 23.0340782296
286 262 2.78168324833
287 291 79.1707131286
287 58 29.3157741415
288 164 1.26699246586
288 286 115.172427051
289 1350 6.16615350685
290 285 113.281344117
291 223 4.86458668293
292 325 27.4821846585
293 1476 24.8387750725
294 834 67.8114655141
296 94 62.2513435978
297 877 8.00190158255
297 1298 14.0593257178
298 181 9.74538133388
298 683 32.0185929715
299 50 15.7137830604
300 512 66.4808609044
301 104 12.9953069117
301 349 105.696071299
302 1194 6.85066412106
304 712 68.3198494484
305 888 13.026152029
305 1814 19.0612722962
306 233 48.4180474171
306 307 13.5457654479
307 820 157.877958357
308 309 41.6837297633
309 743 11.6152838657
310 416 84.5419838254
311 468 4.44615200347
312 1172 13.9388582444
312 418 7.2993514487
313 489 66.4062094934
314 1775 3.5772988996
315 526 11.3950206313
316 1189 6.04801701605
317 44 32.1542069283
317 1151 11.6749153446
318 1489 26.440064456
319 92 50.9755639357
320 1530 7.41214622777
321 1214 69.7811931584
322 972 118.680314078
322 323 17.7050708079
323 1408 10.1394980699
323 1217 50.3444024193
325 500 16.7760627414
326 80 3.72427892075
327 807 27.4966196139
328 502 64.3349130467
329 308 15.8480791296
330 1220 9.87910942809
331 1747 11.3760104349
331 91 58.5652168007
332 1091 22.8410315065
333 227 65.9514674293
334 451 18.1773224116
334 29 103.468562494
335 336 5.60294091702
336 538 6.35273224453
337 673 103.770568632
337 1007 4.58200458261
338 1499 11.8580955171
338 1360 12.0967795734
339 1009 3.29242783792
340 999 4.59576143624
341 75 6.70563898373
342 1430 63.6770562693
342 1436 9.90236032348
343 1814 12.7995200838
343 888 17.1537571762
344 232 81.8633315961
345 1006 4.58298858446
346 913 107.52146434
346 1004 4.01557543171
347 335 3.95675255652
347 1363 36.6176363541
348 1008 4.58790542804
349 343 14.9993760935
350 1103 26.3037899803
351 1195 21.7331112514
352 756 33.9704380323
352 1448 13.5514233151
353 410 18.2868856858
354 1668 3.30609509401
355 79 2.86158700858
356 53 6.49383549188
357 1178 13.5796772914
357 1191 81.4901274816
358 411 5.02777205874
359 1357 15.1128834287
359 68 13.2376717277
360 69 57.7515092694
361 1768 3.75322452913
362 195 4.19676984629
363 792 24.2415973838
364 1210 4.59478016978
365 725 20.7245965609
366 367 2.31839355645
367 1453 6.32427641393
368 1452 2.64201033138
369 1615 12.4277354853
370 1728 10.4193637687
371 385 9.38474315493
372 1622 9.91555710557
373 376 53.7079488391
374 1216 26.108322403
375 245 24.1823737869
376 377 5.2351530311
377 378 4.26603694434
378 1419 7.46125992671
379 744 5.65979250582
380 1702 5.65022395712
380 525 129.598938821
381 1447 3.95219145696
382 1746 11.7875370961
382 1488 59.7215726588
383 1597 37.5454585448
383 384 10.4245557117
384 1290 12.8578677797
384 458 60.4197492774
385 466 23.2462849745
386 387 5.67411507407
387 275 5.51615638832
388 389 6.43103771339
389 390 7.93512830675
390 690 6.75521676782
391 208 8.78106291017
392 393 11.4750696884
393 395 11.495877434
394 166 110.111450234
394 666 38.4947333152
395 396 13.7683021151
396 397 10.8085137051
397 829 9.91282817829
398 399 17.5700834605
399 830 16.8941819096
400 785 8.96502737704
400 401 20.7585107456
401 787 10.1386086012
401 780 5.11049902749
402 403 11.2408356403
403 404 14.5826325138
404 405 14.1724077953
405 406 15.7707841832
406 749 13.2957923452
408 1100 71.9638737785
409 480 5.83011471226
410 568 29.8541035257
411 266 6.43524329708
411 463 9.05311819425
412 1475 16.1032362842
413 867 6.27488682057
414 954 20.8136117583
415 600 22.0560406523
416 1296 10.563346789
417 657 106.131136872
418 1378 13.4649662444
419 1230 70.3308096241
420 1440 18.7237850336
421 1624 18.8994865379
421 1174 15.448110375
422 210 28.6265832741
423 809 35.092913401
423 369 9.56275454909
424 400 44.3469733142
424 423 23.8504239653
425 401 50.1599151283
426 1463 16.8101640125
427 1468 10.653882309
428 586 12.1094467518
429 1469 70.0248978686
430 431 85.9899413142
431 1516 88.0246570144
431 1638 10.4089721134
432 1455 7.52504796947
432 433 12.8956871794
433 434 3.82580905858
433 13 72.0374604929
435 1741 5.29254740813
437 439 19.6290817802
438 436 20.2373725863
439 17 25.4205095057
440 1211 38.3562617585
441 440 21.9447477588
442 440 3.85399219502
443 441 22.1042363505
444 441 3.89241082856
445 443 3.93274776941
446 442 13.7840133817
447 444 13.7364974145
448 445 13.6930981279
449 788 81.4466786082
450 1345 54.4641201791
450 1529 10.3842502547
451 1226 41.1464174587
451 1810 10.1634842994
452 102 5.79209266283
453 454 20.9311353694
453 912 14.7767649046
454 1340 31.5029454979
455 1153 73.7195913369
455 1340 6.36903677859
456 800 33.3904639094
457 1437 12.4146666472
457 455 65.342338101
458 203 58.6521557772
458 456 7.9032418987
459 1026 14.363922692
459 875 22.3131613101
460 1666 9.57783182222
460 162 12.338886779
461 354 3.78194860523
461 895 41.9831675746
462 1551 3.97267516635
462 469 12.920838614
463 709 20.1263290039
464 1523 14.7596664024
465 1711 3.90628756002
466 467 31.2222951794
467 1673 64.0267636595
468 462 12.3695460728
468 1531 11.5088141959
469 461 103.797245597
469 1558 4.03126571086
470 1632 12.8164190064
471 470 13.6815676507
471 1259 104.6244349
472 1574 4.00883222723
473 634 48.2623627239
473 500 12.5508515072
474 1331 12.7051095829
475 546 30.7533007802
476 1141 90.4836027158
477 1240 14.1619044092
478 595 55.1763577547
479 154 15.0098942753
479 266 196.480245092
480 495 3.50985666269
481 1207 35.57834245
482 479 87.7762170253
483 484 36.1044772289
483 508 45.9858631379
484 486 23.7993227499
485 1121 65.1044463642
485 1625 13.1690265527
486 487 14.5457892522
486 491 9.19838844033
487 489 51.8347668596
488 716 18.6972753431
488 499 36.646563402
489 1160 12.7040448048
490 473 33.0298393675
490 1634 12.4190244547
491 504 12.9828094186
492 1409 3.11942647362
492 506 6.539503944
493 494 5.14041096599
494 409 4.50759228686
495 740 8.2603262335
496 415 12.493596467
497 501 34.8767653894
497 1424 37.3346931066
498 604 1.36300560387
500 16 12.6321432705
501 1743 12.5055011455
501 503 56.1511220241
502 1579 22.0441798164
504 509 8.84960606179
505 492 4.70149184181
506 507 7.71675442859
507 371 9.24240245952
508 504 36.1029784856
508 497 19.3346705311
510 521 18.6034668164
512 465 35.6106463843
513 520 22.1515129628
514 1517 3.44240301801
515 943 3.62861138706
516 529 43.515989204
517 1274 8.16644648346
517 518 3.26077575917
518 760 82.3977540729
518 1761 2.58333002186
519 523 41.3971596787
520 1804 1.87541046344
521 1762 12.146626596
521 1264 1.74332750277
522 1269 5.73104742028
523 1597 27.1041775825
524 516 41.4073973617
525 297 20.1996817951
526 1158 10.2496339109
526 1247 75.688912632
527 924 4.86458668293
527 528 11.8104670953
528 1079 4.8904721616
528 839 31.0752160422
529 1779 4.61143330248
529 530 13.047942137
530 729 70.7960204953
531 542 105.502679061
531 1806 10.2236447249
532 379 27.5071130053
533 1696 12.7564678968
533 1695 33.4953634427
534 1607 52.0058577934
535 1011 29.6517785808
536 52 12.8494483521
536 535 23.5922821384
537 337 4.76247847618
538 537 3.07135398568
539 798 93.9536537001
540 1460 13.9802045962
540 1441 22.6845367545
542 543 3.46199568061
543 196 3.02698929584
543 544 13.9611617248
544 598 12.1432850716
544 1689 12.484209028
545 329 40.1245248924
546 545 11.2332113332
547 1325 36.3635741214
548 833 10.9790499164
549 1412 8.92671942711
551 973 6.87431889204
552 551 7.73484766428
553 1067 9.27989319631
554 1712 4.56425627349
556 908 13.8388623489
557 1731 3.2566245471
559 280 3.39890163427
560 1733 3.35886606033
561 1262 20.7567729046
562 1620 11.9089416368
563 766 9.92737378872
564 317 46.5435572688
565 339 84.7565515143
565 67 49.6494037591
566 564 32.46945521
567 566 30.3490394033
568 1321 27.6674589929
569 567 21.1680595562
570 572 75.4666088265
570 1143 10.5970159308
571 556 21.3124197866
572 573 92.8192407446
573 574 7.17976353923
573 1155 10.9453200366
575 267 9.4010652946
575 581 5.04657088034
576 575 3.70728961584
577 187 56.0896554751
578 576 3.39757471576
579 578 3.45547713654
579 171 0.949651002884
580 579 2.0762420356
581 583 2.95767124011
582 579 2.57283574684
583 278 4.78137727454
584 582 2.42858274687
585 584 3.08600048737
586 643 30.8442201525
587 588 12.3022879952
588 589 6.95518066934
589 590 7.90438291392
590 591 9.06605904824
591 586 6.71370349534
592 1417 5.38712497886
593 594 3.46590092232
594 1416 2.83467245252
595 1233 22.9674228854
596 20 18.8409418734
597 462 11.7265557569
597 199 11.1015786331
598 1758 11.8546726636
598 1456 12.5774096282
599 1530 9.0859320643
600 344 18.6866609367
602 1172 71.4141974077
603 605 5.70976431529
604 1525 21.0164868817
605 988 5.58762900382
606 886 80.9477078082
607 1139 67.5294684725
607 1140 13.9058223557
608 607 9.77356526194
609 1190 4.16332891618
610 70 4.26392242776
610 795 14.8291584634
611 1420 5.01070282889
612 139 3.21902274665
613 614 7.24603006674
614 1418 6.17492263217
615 613 6.03906361807
616 144 4.09122172783
617 222 18.9835211723
618 813 37.5298423819
619 438 32.8834400945
620 1207 12.1079571834
621 201 12.084845394
621 1751 57.0832682162
622 194 122.096906796
623 624 31.8072132376
624 1175 6.02710506452
625 627 14.1440626328
626 1082 9.20720807651
627 626 10.3933651493
629 1729 67.4093026401
630 1260 45.1289104534
631 145 5.16142090764
632 28 4.86458668293
633 1572 34.7259467982
634 1636 38.5990787363
635 606 12.3454630375
636 592 5.95030433599
637 1433 5.01250232718
638 141 4.76910157451
640 639 37.7239821473
640 919 21.6099340458
641 1244 70.5841803118
642 140 6.32570224563
644 646 75.4010337833
644 612 6.84934757178
645 1642 126.630397449
646 69 77.9960110587
647 638 40.3099724916
648 846 8.51567468633
648 1618 104.007813774
649 111 62.6450152403
650 658 10.0438782286
650 130 83.7844633082
651 946 4.73684549449
651 652 43.2940882512
652 653 15.4159687801
653 467 45.0347895774
654 656 23.9912368568
655 1470 9.87454400919
656 970 77.1605319238
656 662 15.0821203214
657 478 47.3179753121
658 841 77.428535307
658 1799 3.81991139967
659 872 4.24059315709
659 663 23.345581789
660 874 6.12064621696
661 659 12.6848635155
661 871 4.31124821046
662 660 12.3099827658
663 664 31.0898682446
663 97 36.6762053164
665 428 13.4870503967
666 605 34.5050173894
666 668 78.655070046
666 601 12.2383452105
667 970 13.8473314664
669 1763 7.20796997368
670 1767 16.3279227706
671 1800 4.6909299148
671 672 74.4148367962
672 689 121.734294868
672 622 9.02618175334
673 910 87.9521930763
674 126 31.8485820416
675 643 47.8998920102
676 677 13.2672736832
677 678 16.1197488402
678 679 16.6657663389
679 680 12.1881333736
680 681 12.5245971003
681 1092 4.33939594063
682 215 18.5573566878
683 650 121.869790277
683 688 9.40298368362
684 1609 4.65813255246
685 1108 69.6275540948
686 687 39.6118318864
687 808 15.4758153044
688 1721 3.99644013506
688 658 121.803097986
689 88 33.9102541774
689 194 8.46202457843
690 691 16.3904921237
691 692 48.6568035046
692 693 39.810656761
693 722 32.8496896996
694 695 28.5306519523
695 55 8.46202457843
696 1097 14.0939215135
697 1338 12.2582252176
698 180 47.4396064997
698 683 58.7002630072
699 1526 15.3197280648
700 701 4.53054199195
701 181 6.97266334628
702 703 4.0290279834
703 698 3.30200085703
704 952 13.8362554237
704 270 31.62280803
706 1708 4.1806221533
707 411 25.8870055864
708 47 62.8064023466
708 207 4.65232078158
709 708 13.1189396784
709 715 17.0181063265
710 1324 54.6516520247
710 711 11.955800635
711 712 5.63343988962
712 1817 11.8854428589
712 713 13.0859013728
713 108 68.7319057156
713 714 7.74300494469
714 1445 102.652485514
715 713 11.5506610121
715 1817 13.0921024058
716 909 24.7478395414
716 717 17.6844294316
717 905 33.3182723196
717 1434 84.4364180478
718 1286 3.24274879355
719 183 6.95906950424
720 365 9.41209069174
721 1706 4.43599864013
722 776 13.6121796794
723 6 8.95093299625
724 1694 6.7264525315
725 1127 12.8921900439
726 938 65.0171885598
727 1535 1.8093281651
728 1732 65.0826255598
729 726 41.2596859285
729 730 39.9674476457
730 731 11.1445500312
732 1348 36.4642490381
732 734 29.1265873655
733 1557 13.5853210353
735 736 52.0684214103
735 737 25.0405520771
737 738 56.185160795
740 515 18.0763268316
740 496 11.0413010713
741 415 9.81316247561
741 740 13.7525728997
742 942 9.36550421884
742 675 123.97874788
743 1818 49.9459553545
745 739 11.3203816886
745 746 16.7413533305
747 33 39.9338127027
748 532 45.7737694044
749 750 15.7962105806
750 587 14.3736510525
751 89 10.3411718241
752 123 57.1189619444
753 4 4.70149184181
754 751 14.1309856196
755 356 3.95561277469
755 762 17.3840613161
755 700 1.76900381137
756 1239 36.3422393806
757 1339 11.5009754713
758 757 4.1806221533
759 452 8.82460352115
760 934 12.2773385039
760 1757 2.62488759539
761 1684 24.2073473058
761 939 44.4619257037
762 1796 14.2921687185
762 563 67.0270647471
763 540 6.44784358972
763 635 74.404171269
764 1336 37.0449106412
764 772 58.4156569815
765 1128 9.64305013379
765 534 36.0161950594
766 933 0.189930200577
766 763 22.4177987729
767 765 13.9466200222
767 993 72.5166588884
768 1812 8.86793035486
769 741 4.03797145275
770 771 22.9523005271
770 1351 9.31868485124
772 921 44.4036743158
773 1414 6.18076180382
774 483 27.9874894982
774 1342 10.1154549633
776 777 103.077081433
776 54 23.6010724657
777 696 94.8556374068
777 778 77.2109483189
778 1549 25.1350932183
779 1540 13.3316931159
779 1519 16.7424306724
779 884 91.8905001242
780 781 8.79440409916
780 402 9.39146747148
781 782 13.5942798128
782 1461 12.8206402567
783 426 16.0145063557
784 1583 5.58762900382
785 1117 30.8164311118
785 786 8.92368811135
786 400 3.09183966097
786 1613 13.2373310905
787 780 9.8727172505
787 1185 29.8290202296
788 799 4.18385667769
789 301 7.50885150642
790 1810 7.35105942532
791 1809 8.41607272559
792 334 9.15071406956
793 104 7.6663367437
794 451 10.329391981
795 797 11.6311896409
795 1249 21.086957217
796 1631 25.0715058984
797 802 50.4396114272
798 540 73.8607512974
799 953 52.0046439046
800 1386 61.2450539829
800 453 33.0352996574
800 1385 63.1213669701
801 803 42.1174234632
801 802 11.774140641
802 1261 21.1948828737
803 804 11.8337337132
803 481 8.3136508088
804 526 10.9889024908
804 1200 8.32015686234
805 777 60.3446238057
805 806 83.8485370823
806 690 118.667851266
807 837 14.2175156513
808 424 25.4924255782
808 425 5.0768594859
809 810 48.9003878609
810 392 27.6506671707
811 59 3.14963605835
812 619 4.3828219997
813 14 103.795898879
813 1411 64.2501192767
814 1426 26.6356368916
815 814 5.61178661324
816 817 4.3185633866
817 1062 11.1970256556
819 1056 11.6020771714
820 1361 7.02485032813
821 965 15.316195596
822 1792 10.109212231
823 774 10.3232786223
823 1405 38.4309575678
825 300 38.175970316
826 1229 171.085736354
826 39 11.493523731
827 1280 26.5780154776
828 1722 5.153552217
829 398 14.3708273682
830 831 11.7230944971
831 786 6.00612030275
832 1095 6.30356561177
833 1010 33.9619417055
834 155 1.38271273149
835 547 11.0196350086
836 667 118.812612763
837 825 29.9343493383
838 1163 34.9770787478
839 1202 73.813055993
840 839 11.9836775751
840 527 31.11973155
841 134 3.52140016543
842 981 25.5374909942
842 561 13.0472509468
843 848 8.51726308589
844 850 8.51514515397
845 1690 12.1317683316
846 1612 12.4603476122
847 843 9.97088330526
848 1638 11.5045035583
849 844 11.575229032
850 1657 9.83335985637
851 852 8.51408599044
852 1671 4.54643867936
853 1699 25.7646110134
853 31 48.4284768824
854 1728 4.87569728747
855 1701 3.30609509401
856 855 5.00620125325
856 1640 83.4731347314
857 471 8.74504316246
857 645 13.195023929
858 413 11.5939125801
859 459 41.5176731492
860 861 3.02996715126
861 862 5.38210045579
862 863 3.90166746667
863 864 5.43047611099
864 865 7.04408072362
865 858 10.2020101607
866 963 64.2604351643
867 868 3.08746131609
868 869 1.87541046344
869 870 1.20122406055
870 380 11.3311313457
871 662 26.6430846734
872 660 26.7710643341
873 464 11.1514262627
875 889 31.3770209858
875 1024 56.4798097955
876 752 22.0952586848
877 1098 4.41153522582
878 1350 102.533990735
879 1444 17.9908117963
880 879 52.3949232706
881 882 39.898115143
882 1646 18.2545550913
883 1522 27.4718458841
884 885 65.647197138
885 1678 9.24874272739
886 324 8.80055474971
887 892 323.760721359
888 1443 7.73368163614
888 1805 76.0859530109
889 1119 17.7091452712
890 826 80.9614100575
893 487 17.8129823353
894 893 3.14246964165
895 896 44.8039063102
896 897 9.80856636161
897 609 23.2522974047
898 824 1.63107916131
900 553 12.8512028544
901 1118 12.3757416886
902 923 48.6467937617
903 902 69.5074474362
904 905 17.5410591746
904 488 14.5007696789
905 353 51.1154007977
907 927 11.8207710834
908 1698 40.2566905995
909 910 17.7470437935
909 1413 10.5492506448
910 717 24.3181128435
911 673 17.9785263286
911 565 20.4375839461
913 914 18.6707280127
913 32 22.9320563262
914 1328 17.311801781
915 454 15.0255076922
916 453 21.7144300257
916 906 14.5144455482
917 1574 48.4870078274
918 1193 3.02996715126
919 1164 9.73519661829
920 1162 8.7604983318
921 450 8.86894726105
922 1529 9.26773750589
923 930 53.7663515055
923 929 4.00770725675
924 917 3.13816193621
925 15 16.7208706471
926 1178 81.2500109451
926 1191 13.2311981217
927 918 4.83949456022
927 941 22.7448849707
929 745 38.0984075608
930 1515 50.914757175
930 1272 1.89930200577
932 928 13.7325576924
933 24 4.39309826703
934 917 11.7634124924
934 936 2.58333002186
935 876 8.214343941
936 528 5.22394376362
937 1153 12.0508429789
937 342 63.5914562173
938 1329 14.4087439442
940 927 3.71458026126
941 932 32.5528118934
942 229 16.9679542361
943 942 20.0342603397
944 945 30.9851200175
945 654 31.1216151663
945 661 39.141522437
946 944 10.5432647687
947 1571 126.060223998
948 1604 62.7767440124
948 949 18.8624691915
949 950 26.8788143512
951 1118 13.864254181
951 974 8.5973578939
952 951 10.339427509
952 1177 49.8421142091
953 201 5.57389321657
954 873 16.6077643415
955 1660 10.2584288618
956 1659 6.17784290788
956 1653 10.0953753002
957 1553 16.0679153648
958 823 7.49743302139
959 1346 6.60673233303
960 774 12.1785104798
961 1342 8.34396898999
962 957 9.64912714686
963 1478 37.9529065862
964 1235 5.45036803148
965 724 26.9777782213
965 1792 14.8023756251
966 965 14.7538606227
966 1061 53.999664541
968 135 3.36825025839
969 972 17.9918143213
969 323 117.534265262
970 1213 78.0436922277
971 755 4.66393708126
972 1018 35.9590590772
973 1020 2.36842274725
973 550 9.48938497342
974 66 21.675771139
975 976 2.36842274725
976 977 2.35314244097
977 983 2.35888415534
978 979 2.57633858815
979 980 2.57983667338
980 1533 2.57808822406
981 1048 13.5077632256
981 1291 22.7647013896
982 240 2.58333002186
983 1639 2.36461192781
984 289 5.01969386937
985 74 5.78040326108
985 73 6.44784358972
986 623 33.9953837119
987 394 110.68629552
988 992 38.8097164734
988 989 79.0969787423
989 1116 11.2676801827
990 994 62.8148017989
990 1002 38.7296973135
991 996 12.6734831265
991 1250 116.348255156
992 1000 29.1788673652
992 931 109.756610514
993 460 7.89239402679
994 997 26.3973941113
995 1003 10.856799688
996 1115 14.1233251642
996 1039 33.4007256841
997 163 55.4220425887
998 995 14.6535796376
999 346 5.33751175097
1000 96 37.5952667367
1001 1003 8.63399378474
1002 1005 59.2840888372
1002 1136 66.9179919661
1003 1000 16.6343511058
1004 345 6.6108261467
1006 347 5.15092664892
1007 348 4.63094855388
1008 339 6.33211451514
1009 340 5.57308417481
1009 1815 110.313236172
1010 1276 80.0828365337
1011 534 35.4373822466
1011 1012 42.47297522
1012 1013 14.3855671647
1014 1015 8.61517192777
1015 1013 8.15926524595
1016 322 55.7108533816
1016 1512 49.8459137782
1018 1019 58.0458978958
1018 791 60.6685046747
1019 1023 10.4435707533
1020 975 2.35505790115
1021 1019 14.9689821898
1022 1052 33.0388483619
1024 1025 21.6549582647
1025 459 56.4249350391
1026 856 58.001057429
1027 1109 23.3247123257
1027 1457 10.3733887469
1028 889 30.9731844688
1029 984 75.0712182129
1030 1637 93.142029852
1030 1031 30.9083319085
1031 1034 54.4286737337
1033 1032 19.5982751771
1033 490 29.7827269831
1034 1642 29.6604453795
1034 1033 37.562388736
1035 1395 11.1861471265
1036 1299 14.1456565635
1036 1295 12.098270518
1037 1402 35.2364034389
1037 1259 14.0971205333
1038 1069 28.9881649174
1039 1041 30.7995992488
1039 1037 39.9815478389
1041 1042 33.8365063392
1041 1040 27.7697828948
1042 1043 29.502219438
1043 1045 20.9840641187
1044 1596 52.45960159
1045 1044 20.0832664694
1045 1046 26.8910580296
1046 1319 19.7700826408
1047 1133 11.0523221698
1048 1051 28.1814435348
1048 561 24.9284744898
1049 1054 56.5383001155
1049 1692 9.52779697338
1050 1358 11.3859155394
1050 1317 34.8140037118
1051 1044 26.6545907883
1051 1046 20.8579768993
1054 1349 4.99808820006
1056 1057 23.5490472167
1057 83 19.7237278033
1058 818 16.3414492059
1059 821 36.3919596844
1061 1586 8.91458797947
1062 188 8.73782139491
1062 1063 64.3578982113
1063 1065 8.09935956507
1063 1335 52.3332669668
1065 1064 26.2945312819
1066 278 38.2503108855
1067 891 21.7314513483
1067 1068 20.4567699251
1070 243 8.02890470176
1070 1071 19.0768790421
1072 1221 25.5178840654
1072 1787 2.02344757872
1073 1074 18.3845174286
1073 940 54.2431142955
1074 1075 19.8060866939
1076 1421 7.90666445038
1077 625 15.2890862209
1077 1066 5.55606708417
1078 1357 32.0840121875
1079 1080 14.4889483128
1080 1383 1.50153007569
1081 1084 54.3857426961
1083 1196 16.5089117756
1083 599 97.7007671679
1084 1598 27.7161465546
1084 359 16.8941819096
1085 1081 22.1775534705
1085 142 4.03797145275
1086 1676 7.06836411847
1087 1421 85.130478824
1088 1087 20.856031142
1089 1088 18.0058438099
1091 1092 97.4247051807
1091 1179 6.05546806854
1092 1381 5.04746431593
1092 1093 90.5228137976
1094 1351 11.9297485839
1095 655 9.77264248752
1096 629 12.5497736411
1097 1675 12.0227467216
1098 971 6.71773212067
1099 618 36.0444788871
1099 432 5.38042457206
1100 418 56.1196338497
1101 1102 19.7796597335
1102 113 2.65223091242
1103 1381 23.8046272334
1104 952 6.64552174218
1105 1318 8.10158619317
1106 1306 8.65590089051
1107 951 8.34667061512
1108 1740 14.082399025
1109 704 7.85459553613
1110 172 9.76895051818
1111 1784 8.66527269572
1112 209 100.546023752
1112 944 76.5160043785
1113 179 6.6692280052
1114 1514 21.7664898934
1114 878 12.6649411239
1115 1455 13.0292671327
1115 433 8.07147488695
1117 1229 1.56043582811
1118 1457 31.1555007856
1118 704 10.2641415387
1119 901 78.766781488
1119 1120 14.1603123075
1120 1026 71.2015365857
1121 1275 14.3277759097
1121 1410 59.1649342075
1122 995 30.7282177739
1122 992 27.8343340749
1123 1124 6.58554042139
1123 380 14.4403170826
1124 860 4.46840819352
1125 150 11.7863894252
1126 1559 3.89241082856
1127 505 14.1781336353
1127 1409 18.6005579794
1128 39 13.9356228944
1128 307 59.4910687971
1129 322 10.3132273803
1129 1511 56.1520856693
1130 1662 10.7834533568
1131 1659 3.14103439625
1132 1135 9.29009168472
1133 296 7.61795331473
1134 1136 11.1449546328
1135 1144 7.36454199666
1136 273 97.0514519068
1136 1047 14.2738579649
1137 1138 11.8215339845
1139 1134 5.68126281792
1140 1154 10.9313039531
1140 170 45.9386740387
1141 394 30.4011453841
1141 212 102.358634559
1142 602 2.24326784228
1143 106 20.5888192061
1144 1145 13.077628755
1146 1113 76.8183725916
1148 1147 40.6816568277
1148 922 76.8512958469
1149 1150 109.355560222
1149 1749 12.0159938443
1150 45 42.5577173012
1150 1151 32.5249576439
1151 293 58.0703629157
1151 1171 218.699100363
1152 203 11.8717770626
1152 1746 12.434990016
1153 1149 14.5206575945
1153 443 37.1409466348
1154 320 5.92752651473
1154 321 89.2182839486
1155 1251 10.2764349798
1156 125 76.0004457595
1156 1159 84.0100374472
1158 570 10.856799688
1159 1157 24.7771572134
1160 1405 10.351631542
1160 960 26.3808194329
1162 1506 80.808548726
1162 1164 10.3768656663
1163 1209 144.208749547
1163 1348 11.1485953868
1164 1166 53.2690729492
1164 450 12.77059936
1165 178 51.0451327353
1166 1343 56.808580195
1166 1152 87.3531817593
1166 772 12.6367829142
1167 1168 48.7933975227
1168 143 25.3807444451
1169 1022 31.9729314249
1170 1695 26.5481387965
1170 1693 33.3469513578
1171 1611 4.98634604115
1172 1371 35.1329802678
1172 1631 20.1258809107
1173 1199 32.3472934344
1174 246 10.9913642545
1175 684 19.2369385759
1176 1177 31.2347129987
1176 1773 63.7950635765
1177 1791 55.1991538013
1178 991 30.501690348
1178 224 22.913959005
1179 1238 27.8071046172
1180 225 11.2187510681
1181 1448 36.5537929135
1182 302 47.24988541
1183 312 33.050037934
1183 303 49.6866262232
1184 1110 9.35394186354
1185 742 1.55464569375
1186 1201 10.7587537592
1187 1602 7.86664202896
1188 312 60.1307586713
1189 1187 4.71967949905
1190 967 7.40057853594
1191 925 15.6251502401
1192 332 14.6005560342
1193 902 5.0706383866
1194 1183 36.8904885797
1194 1197 13.599917497
1195 1806 49.6397758495
1195 1205 9.94008373751
1196 1165 19.2327188694
1197 840 77.1966971959
1197 352 12.4037654305
1198 1241 10.1279288842
1199 351 8.98813445069
1200 1218 12.8550619166
1201 1610 7.478765435
1202 352 3.25800887216
1202 113 85.8329018696
1203 1204 3.76402174523
1204 358 4.24590651985
1205 364 5.01609938708
1206 1208 10.5991432903
1207 1441 12.1221006936
1208 1219 75.969468646
1208 315 9.90144955224
1209 1211 14.4196929582
1209 1474 38.6715565659
1210 184 4.23207790119
1211 1258 71.4835560134
1211 938 11.0294513286
1212 1114 102.616722949
1213 98 10.2500738377
1214 920 55.3655493582
1214 1528 13.3458912362
1215 152 22.456786628
1217 1222 66.2425651831
1217 230 53.7069413397
1218 1208 10.7679704029
1218 1234 20.5460676067
1219 1220 91.881274259
1220 1198 10.7234900731
1220 407 8.00697160412
1221 1407 18.4828532952
1221 1070 27.956538436
1223 1670 15.2480360704
1223 1527 9.99978447691
1224 1225 23.0624461751
1225 1227 34.5796867083
1226 1406 10.0582343242
1226 1600 12.8977850056
1227 1228 41.9199661007
1228 969 16.5648101082
1229 943 9.02318385176
1229 742 19.8960384186
1230 5 18.5549266647
1231 1516 35.6277366092
1231 1624 69.1933342332
1232 558 4.63094855388
1233 1577 25.5807143566
1234 620 2.1634542222
1234 1460 10.6169962814
1235 1238 53.6869553611
1236 1237 27.1287884216
1237 1347 50.2728773344
1238 1636 11.8001541097
1238 136 40.0586162125
1239 1245 4.7747712039
1240 36 13.3384560104
1241 1242 8.2296999185
1241 539 13.6789307484
1243 1246 94.8852010281
1243 1388 8.56003846173
1244 1304 47.0945519096
1245 485 6.40433821723
1247 1251 92.3553055173
1248 610 20.3562294469
1249 801 28.748086374
1250 1181 33.8688739881
1250 1239 13.2161944388
1251 330 10.9864401756
1251 1252 7.62091231787
1253 236 44.1733713813
1253 1255 34.4168250058
1254 1548 83.5778130956
1255 1256 19.6639681605
1255 899 3.68533114263
1256 1254 19.3272061276
1256 1392 73.0271124354
1257 1115 33.0724057209
1257 1039 14.2567888814
1258 1339 8.87352189673
1258 1268 37.3165721071
1259 1257 40.1045163035
1259 1038 27.7447655064
1260 835 114.117194571
1261 570 11.0804373963
1261 804 21.1836041882
1262 1121 13.3096899764
1262 1625 65.4821380486
1264 1265 2.27718310789
1265 511 7.65750896269
1265 514 2.92393827202
1266 1273 2.92702097006
1267 760 2.90847577192
1268 1278 31.1358110677
1269 1267 3.05516173587
1270 1790 5.61419665699
1271 1269 3.21481762043
1272 1266 3.13240911389
1272 1263 5.90084126403
1273 1271 3.19229672935
1275 842 6.62173060961
1276 1364 15.0653683876
1277 1275 59.150223113
1277 1072 31.0760866631
1278 384 6.51809346014
1279 145 8.82153711571
1280 175 7.30429178865
1281 20 4.84042621767
1282 1281 3.24830620773
1283 26 5.11667166251
1284 1283 3.23996651179
1285 28 8.96854751133
1286 21 5.22912025747
1287 27 4.83296792939
1288 1287 3.23020965351
1289 631 2.64030305474
1290 1493 27.6337019684
1290 1438 39.3289682118
1291 1305 57.5069944945
1292 632 2.63003612128
1293 1294 3.23718183873
1294 30 5.37539378595
1295 331 43.4720315537
1296 1537 61.5298371436
1297 1298 13.2774659515
1298 1633 29.1827305092
1299 1301 57.3373764311
1299 1307 17.2117531092
1300 497 10.3916295953
1300 1327 65.3074794454
1302 1651 17.3651158018
1303 1518 16.6776669817
1303 1307 12.6374965543
1304 419 17.5220260691
1305 1176 49.4555776931
1305 1104 24.8746936547
1306 471 45.3399431912
1306 1630 13.5004171496
1307 1308 30.1388170076
1308 85 31.5060943182
1308 1309 13.1041515698
1309 1310 44.4076345822
1309 1303 30.9871573347
1311 18 32.297629212
1311 1732 69.9318510754
1312 1637 29.4557187521
1312 1323 11.1461683496
1313 1311 31.1641834711
1313 1588 33.7453643386
1314 146 2.46726567968
1315 726 13.0403370303
1315 524 27.1041775825
1316 475 38.8331791583
1318 1306 10.3594693998
1318 1771 58.9813551834
1320 571 41.3680664837
1321 548 71.2567388465
1322 569 29.9213918537
1323 559 27.5742415616
1323 1055 28.5677688635
1324 957 52.6401410525
1324 716 52.9423407497
1325 1320 33.8718028656
1327 483 10.2395103785
1327 961 19.7065740474
1328 1484 28.2626094302
1328 347 88.4895383286
1329 732 107.968595257
1329 1209 11.1080755341
1330 474 5.53818357386
1331 1332 8.2892076285
1333 1465 14.2650098786
1334 1105 17.9782755173
1334 1029 45.4052366787
1335 1058 36.4428495024
1335 1337 31.0876926116
1336 1332 19.2629396737
1338 266 11.0274069825
1339 916 29.8312876593
1339 800 61.6407632162
1340 800 61.5515988004
1341 758 11.1170025735
1342 1403 39.7775694032
1342 1346 10.5141420384
1344 1336 17.7419614474
1345 363 31.245105517
1345 1236 9.25897552719
1346 1504 68.6284336973
1346 823 11.736933412
1348 1359 34.792625991
1348 735 61.04247025
1349 1060 43.0818259912
1349 1078 34.5367585193
1350 1334 70.499803273
1350 1212 13.0817657178
1351 87 13.3168026584
1352 1094 1.751069928
1352 1353 15.5783293084
1353 1387 33.1407791406
1353 1355 50.7058502992
1354 770 56.2185372951
1354 1090 57.11690937
1355 1354 13.2761074345
1355 1356 0.6715046639
1356 1050 22.3176067668
1357 1354 34.7454189293
1357 1358 13.5324434881
1358 68 14.9671746691
1359 1556 56.41910096
1360 127 80.4397564244
1360 1168 31.2944228482
1361 1812 10.029501584
1361 1527 48.5206613526
1362 1390 5.99334370752
1363 318 81.3894678679
1363 1486 54.5030184569
1364 1603 21.2363283604
1365 1368 40.3025888726
1367 432 20.435377507
1368 1369 49.377651592
1368 1371 33.0519479702
1369 1370 40.2206069422
1371 1073 23.3756936759
1372 1376 52.8885701491
1373 1374 52.5904344465
1374 1376 22.2870769255
1375 236 39.2338057247
1375 1255 62.6535082988
1376 1377 22.1331848865
1376 1188 20.9203611187
1377 1378 38.1698278004
1378 137 51.0626205093
1379 1514 12.5756169274
1379 878 21.4954925723
1380 1256 3.59364803934
1381 1179 97.3923474341
1382 1391 11.4864597283
1382 319 57.2016351659
1383 1101 40.6430659448
1384 1449 11.8016825281
1384 674 78.8919391328
1385 457 5.07508280711
1386 1278 9.11170218627
1388 25 31.6506014146
1388 1389 54.9988146232
1390 1667 65.3093436463
1391 1384 10.6093486782
1392 1375 21.9054661095
1393 1399 6.4541345113
1394 1393 21.570460762
1395 518 7.74416956904
1396 1394 14.3497891427
1396 1780 5.82005143831
1397 1398 38.2708175934
1398 1396 74.1797193912
1398 1765 5.43379648801
1399 1035 3.97267516635
1400 644 11.0061232732
1402 470 69.2013494222
1403 1492 112.082999642
1403 640 47.5199516634
1404 755 17.0519879878
1404 1297 8.96452438787
1405 1772 70.8745100054
1405 204 46.3840114965
1406 1803 1.83162052333
1406 790 33.7458988298
1408 1129 16.4385658393
1408 341 15.4737755814
1409 741 32.217531354
1409 493 1.12364221983
1410 1277 14.4196929582
1410 1794 54.2456081133
1411 618 52.9373153854
1411 1426 64.6258265484
1411 1099 64.7947373373
1412 294 42.0524937049
1413 1422 34.0399219466
1413 1552 34.4090941415
1414 611 5.32567127299
1414 1085 6.84012463156
1415 82 11.2392309528
1416 637 3.47629345216
1417 593 4.78420565531
1418 138 6.91812771186
1419 1400 29.7760645193
1420 381 4.79738271729
1421 1086 90.874555226
1421 676 5.04120694167
1422 1423 5.47018761699
1424 498 53.8099443111
1425 1427 9.00016676458
1426 1191 6.7485383512
1426 1099 105.633382517
1427 1428 44.2449729927
1428 1096 36.3012713414
1429 1089 62.9430232122
1429 1091 23.791174276
1430 1481 34.9832662783
1430 537 50.7828038141
1432 272 7.3129293527
1433 1415 11.5326893994
1434 317 33.426771033
1434 1454 51.0149124603
1435 1367 51.5061149082
1436 455 12.2265492123
1436 318 7.24104997676
1437 382 9.58912421973
1438 10 44.799578466
1439 121 60.8974396023
1440 1442 34.4400071867
1440 65 7.82641494509
1441 1439 11.2716813477
1441 766 6.66110964796
1442 890 138.250596137
1442 102 7.91863173198
1443 880 5.79676182333
1443 887 19.0399697538
1444 1652 54.5542886534
1444 1805 8.11048659266
1445 301 7.75580619404
1445 1520 101.121111218
1446 1442 1.96923823274
1447 1419 5.17712241025
1448 302 5.63664070799
1449 1496 49.8669870822
1449 1382 10.9753529207
1450 366 3.05958630262
1451 1536 7.03126630383
1452 1451 3.1866416377
1453 368 6.28924256301
1453 1538 92.076390422
1455 991 13.7197457824
1455 357 30.1944220736
1456 1312 33.9029398137
1456 280 11.7011494086
1457 1111 78.125404898
1457 1028 108.882405428
1458 1737 5.9699748172
1459 968 5.10255181037
1459 1722 20.2280122021
1460 1206 9.83335985637
1460 1314 73.7361045002
1461 1462 17.9225085403
1462 783 14.1233251642
1463 686 10.9683663067
1463 1464 7.1973272016
1464 665 97.318935577
1464 1333 14.1835392507
1465 192 15.5304962234
1466 193 15.0872020496
1467 427 12.709013006
1468 1469 15.5823811154
1469 1470 34.6552360777
1469 898 21.1091846166
1470 430 76.0505046673
1471 1744 4.38487917982
1472 1473 16.969548644
1473 1748 5.24203912816
1474 38 34.744899814
1474 1476 143.487678476
1475 1734 32.809308321
1476 1163 37.445643405
1477 185 12.5044193703
1477 762 7.984978261
1478 1479 28.5015564609
1479 414 50.02137357
1480 49 13.5411042528
1481 1482 21.816772132
1481 1431 113.031210799
1482 1483 12.8304844398
1484 1485 12.0062329829
1484 1330 27.8283393988
1486 1366 14.8288543847
1486 1487 20.153196362
1489 1437 31.1213253866
1489 1490 32.6040236653
1490 1491 7.34737806655
1492 1438 28.6804036335
1492 1493 39.4058252934
1493 1300 19.7321848298
1494 204 46.9415862427
1494 1495 18.2673954584
1496 338 39.2281736957
1496 1497 39.2839985166
1497 1498 15.2116187324
1499 1501 7.81142069445
1499 1500 56.4059121195
1501 1502 12.0504687931
1501 1503 46.1419972381
1502 1360 19.75274086
1503 958 60.0682598045
1503 1504 11.9727605625
1504 1502 44.9665515926
1504 1505 34.1671180865
1505 1507 18.9388125945
1506 959 29.5404052839
1506 1403 10.4926766981
1506 1505 69.2092985301
1508 321 30.9638657219
1508 1509 57.6301248815
1509 1510 29.739849155
1510 319 31.9568498086
1511 608 54.5078994712
1511 1016 10.5055611653
1512 1017 64.0390167097
1512 1513 11.7503722867
1514 370 109.346158428
1515 1753 3.88545387782
1515 510 13.0341113697
1516 420 74.0423953371
1516 1130 24.2548005146
1517 1521 2.802677382
1518 1295 14.0153174388
1518 1299 12.338886779
1519 1520 16.8436608376
1520 1524 6.65704675667
1521 517 3.3709266595
1522 779 27.1991718664
1522 1524 34.0126226842
1523 1203 2.6488284339
1523 1606 21.8010584632
1524 1443 30.2427689924
1525 326 4.35391941972
1526 754 13.6944152786
1527 1406 22.4274515626
1527 1224 54.3185431384
1528 374 51.7030683764
1528 1083 52.3708205097
1529 1528 64.0407770127
1529 1162 12.7988154778
1530 1016 64.5417643023
1530 607 10.8576303218
1531 597 11.952028494
1531 621 12.9047752967
1532 1777 3.63109588676
1533 982 2.57983667338
1534 95 34.9231493275
1535 1542 3.27732802674
1536 269 15.8081953511
1536 585 4.69477336478
1537 1545 41.5159353719
1539 727 5.07330550613
1540 189 17.2298204471
1541 217 108.210387838
1542 1541 2.99403741646
1543 1544 15.9750380901
1544 779 16.7747187533
1545 327 27.0010013004
1546 1630 8.38709056394
1547 1686 26.3534569783
1548 1392 22.2631900273
1549 1550 13.0306513842
1549 1126 3.31426839472
1550 1543 10.6089236497
1551 1643 4.10991575594
1552 911 43.0519859613
1552 1553 52.3810655382
1553 1326 17.5503110598
1554 1802 17.6701447528
1555 838 56.4034338721
1556 649 56.6320137678
1557 1554 15.4066059072
1558 1669 3.90166746667
1559 1560 3.22322238672
1560 1561 1.96005758492
1561 1562 3.10348504932
1562 1563 2.67424150486
1563 1564 3.47888673372
1564 1565 3.12376001561
1565 1566 2.8584337437
1566 1567 3.11653409797
1567 1568 3.59239305482
1568 1569 1.58053426586
1569 1570 2.65902280807
1570 560 5.47595481693
1571 1125 197.764086033
1572 1362 13.643943681
1573 472 38.287780356
1574 907 12.4502107713
1575 1578 11.1332152153
1576 328 65.692241117
1577 1576 11.2384285232
1578 641 33.1655330944
1579 310 33.4260965391
1582 1587 7.55674007541
1583 1581 12.1369707932
1584 1627 5.73104742028
1584 1582 8.2483080288
1585 1584 11.9633413489
1586 1583 10.4582405149
1587 1595 6.92138590811
1588 295 24.8855678383
1589 935 5.58116931496
1590 124 5.86635329323
1591 1783 14.644037241
1592 1760 45.4810460823
1593 1591 60.5855012213
1594 1592 61.8343138646
1595 1059 6.26049815953
1596 1402 9.6682680909
1597 1268 10.8176879535
1597 1315 30.7364343459
1598 1054 3.20920221418
1599 733 14.5209681271
1600 1223 9.34236519839
1601 1361 12.4979267531
1601 306 164.48591383
1602 1322 63.579826133
1603 628 8.91509378605
1604 1589 35.0807044655
1605 948 9.13295716912
1606 1605 47.7087878322
1607 77 16.8752208313
1607 1408 24.5050444396
1608 1232 23.7947751086
1609 316 7.97932917769
1610 1169 30.1984539398
1611 1186 8.09713232467
1612 847 8.51673365229
1612 1231 63.3582354097
1613 1614 16.549014123
1614 423 10.0024896804
1615 1616 13.0927912282
1616 1617 15.3696841518
1617 1618 17.1826483986
1618 1619 21.0895231125
1618 422 98.7954759741
1619 562 13.5037567705
1620 1621 12.9428060256
1621 372 14.5420687843
1622 1623 9.34333046834
1623 421 15.3928438626
1624 1446 21.9737011995
1624 420 35.0090358844
1625 996 116.032858203
1625 1250 11.2644782275
1626 784 1.49852400646
1627 1629 0.99146475466
1628 1634 30.7405418083
1628 473 12.7224883437
1629 1626 2.30278130104
1630 1784 10.3655614141
1630 1027 86.6833715849
1631 159 14.1819495777
1632 1546 24.376081764
1633 596 25.5556713552
1634 857 165.895142281
1635 350 49.2711485088
1636 1030 161.44776479
1636 900 7.91008552119
1637 1771 11.7614957218
1637 1106 55.8912981181
1638 849 8.511967268
1639 237 2.35888415534
1640 822 21.9404322752
1641 973 2.57283574684
1642 490 37.0932028465
1643 544 4.17090352996
1644 1647 10.0078978936
1645 1644 9.3191687251
1646 1654 16.3527586458
1647 1649 9.50979584931
1648 1645 10.0015880272
1649 1655 9.97178773479
1650 1648 9.34622568004
1651 65 45.9791948533
1651 1652 7.96009230704
1652 1440 45.90774429
1652 1654 25.308867359
1653 1650 9.02917865954
1654 1656 4.30392060107
1654 1655 10.5850948163
1655 955 8.93580720446
1656 1663 18.5286621089
1657 429 64.3009107801
1657 851 8.50984801806
1658 311 3.82227155523
1659 1132 9.33560551417
1660 1664 9.80948575669
1661 956 9.93690777439
1662 1131 7.31169603971
1663 420 23.5764130385
1664 1184 9.47559467452
1666 1719 87.34208272
1667 1575 65.7143398217
1668 531 4.0580221929
1669 543 3.76162504219
1670 768 24.5506366274
1671 1464 104.606374954
1671 1677 5.63904012948
1672 1674 4.62705208827
1673 220 22.1068881449
1674 1475 99.8756136081
1675 697 26.3989314405
1677 845 8.51249699805
1677 808 100.349491614
1678 1679 10.135049946
1679 1680 9.2599494898
1680 1681 15.3863978251
1681 697 15.0623750104
1682 1686 3.92011516984
1683 1684 3.62114766015
1684 153 32.2708122864
1685 1688 13.2417586904
1685 1404 11.4179490568
1686 1254 32.8579246998
1686 1683 5.20145276037
1687 1682 57.8444267142
1688 1687 16.1959352232
1688 1547 63.1245815419
1689 671 10.4150351723
1689 1658 4.46133872196
1690 648 7.2335734131
1690 424 110.607153208
1691 84 24.8264274096
1692 93 41.9252365291
1693 853 84.7972409802
1693 533 26.4974753367
1694 1816 71.5297156946
1695 1697 15.8480791296
1696 173 17.7780146411
1698 555 46.1370130398
1698 904 11.2115139416
1699 1700 118.546726638
1700 1170 25.6990721659
1701 1123 5.74989960087
1702 854 3.18522629602
1703 853 27.7293214455
1703 1401 21.0681311009
1704 1133 16.8342884451
1705 1704 66.0804945315
1706 297 6.21132739654
1707 297 9.18367022443
1708 182 4.91071503036
1709 1707 0.84939367894
1710 1703 11.7296315748
1711 463 18.4862685017
1712 552 3.51370871067
1713 259 38.8916580021
1714 268 46.3632029876
1715 1714 48.4766839723
1716 169 0.783102278473
1716 1720 44.4137266102
1717 1724 89.8930830995
1718 276 12.4758988669
1718 261 9.9984316007
1719 226 46.8066207442
1720 168 1.04029055207
1720 263 93.9617162988
1721 1798 3.47888673372
1722 702 11.6695068927
1722 811 4.49055407828
1723 1047 118.942338038
1723 1718 13.0810763149
1724 1285 33.253654051
1725 1717 80.3192002943
1726 161 2.04781399957
1726 460 12.5827861982
1728 859 17.2041539273
1728 856 14.5343147506
1729 1459 7.26839824569
1730 554 6.15663952628
1731 1730 4.10662299342
1733 9 5.32821073333
1734 1750 16.7964781202
1734 305 42.0561392829
1735 1458 4.06468379333
1736 461 10.6927498015
1736 1146 41.7930606405
1737 1738 4.24484437936
1738 1739 5.20491924043
1739 435 5.01250232718
1740 78 8.56477809396
1741 1742 4.27553932773
1742 1471 4.34147369796
1743 1290 10.2077544118
1743 383 12.9518610803
1744 1745 3.49956380574
1745 1472 4.58003594467
1746 764 28.9208881143
1747 1036 43.7730398949
1747 728 55.043888976
1748 412 12.6599556274
1749 937 14.5163094412
1750 1735 20.6666401749
1751 685 8.65277469975
1752 1755 6.62309240513
1753 530 4.52855098241
1754 1156 33.3604706484
1754 966 14.7008919871
1755 1107 107.088131273
1755 1793 10.3245889325
1756 1594 11.8184820846
1758 131 8.04573562939
1758 1689 11.4108382689
1759 1774 3.10057780273
1760 1755 11.9301265561
1761 513 2.90226770557
1762 80 98.9447026398
1762 1782 3.83052064788
1763 1775 10.3359379957
1763 313 3.6199022095
1764 1754 7.2335734131
1765 1407 52.9283707602
1766 1778 13.1069041091
1767 1397 10.9131387704
1768 71 6.06365365124
1769 1752 3.15249806354
1770 894 46.9726992087
1771 1029 28.3021491698
1771 1323 32.5859011332
1772 314 8.41285741593
1773 1397 5.52758884905
1774 1763 4.94183636907
1775 1769 5.02508077187
1775 1788 46.8613079182
1776 1494 33.1415954997
1777 521 3.85282201367
1778 1756 8.44388745642
1779 510 3.86684081807
1780 1277 54.1211097231
1781 1764 3.16534506382
1782 519 48.2776829231
1783 1795 3.43190786244
1783 1789 60.1723635391
1784 1318 13.456926658
1784 1212 96.2195656402
1785 1580 6.76855383267
1786 1770 3.6730752685
1786 669 42.1360481727
1787 1785 6.22582969832
1788 1776 3.52396025313
1788 1593 15.5872997507
1789 1590 9.4427023085
1790 930 3.94876717491
1791 1793 11.3060329137
1792 1781 5.14041096599
1792 1766 68.6942378862
1793 1759 5.82160076655
1793 670 4.15899437162
1794 1394 5.76008543631
1795 1159 32.2103925723
1796 298 12.9218855281
1797 672 3.85983778035
1798 689 3.89588464525
1799 1797 3.49182425228
1800 1801 3.95789201013
1801 134 3.95675255652
1802 105 10.9399630662
1803 1225 53.0983157467
1805 1302 37.1794128558
1806 355 113.780000719
1807 775 9.86997647852
1808 147 3.18097649254
1808 720 11.0290424897
1808 1820 11.9127274212
1809 1148 33.1409152018
1809 334 10.2615053138
1810 1809 18.0665955643
1810 1228 89.7743221922
1811 805 42.0844353786
1812 1672 23.6663242639
1812 452 12.541147378
1813 1727 10.5714542245
1814 346 112.228580707
1814 1815 14.9990754657
1815 793 97.8920687464
1815 349 12.8879922286
1816 1123 11.0216807963
1817 710 5.11755285973
1817 708 16.6554816679
1818 1819 10.5706011031
1819 633 84.6916739192
1820 1821 11.2203586845
1821 0 8.60888883084
1821 725 24.8982483832
